SNP	Gene	GeneID-Tissue	Trait	PP.H0.abf	PP.H1.abf	PP.H2.abf	PP.H3.abf	PP.H4.abf	cond.PP.H4.abf
rs1063281	ENSG00000231672	ENSG00000231672.6_Artery_Aorta	DBP	3.90784269848004e-15	0.0656175841571295	6.35731025931571e-16	0.00975008958913663	0.924632326253727	0.989565204327672
rs1063281	ENSG00000231672	ENSG00000231672.6_Artery_Tibial	DBP	1.95760016192397e-16	0.00326832085564867	5.77297930942605e-16	0.00865022418232476	0.988081454962025	0.991321411405575
rs1063281	RPL7L1P9	ENSG00000231035.1_Artery_Tibial	DBP	1.52012998448109e-15	0.0253794039672203	5.6059896798709e-16	0.00839327997437102	0.96622731605841	0.991388156572377
rs1063281	TNS1	ENSG00000079308.16_Esophagus_Muscularis	DBP	1.71024758936264e-16	0.00286609998345073	6.54949668784549e-16	0.00998875826861151	0.987145141747937	0.989982530662686
rs11636952	CPLX3	ENSG00000213578.5_Esophagus_Mucosa	DBP	5.48259627135355e-96	0.00015938238937306	1.88854893650801e-94	0.0044947801366257	0.995345837474001	0.995504503360378
rs11636952	CSK	ENSG00000103653.16_Adipose_Subcutaneous	DBP	3.96018819423236e-95	0.00115069699411338	5.7267894631674e-94	0.0156569244491845	0.983192378556691	0.984325038419642
rs11636952	CSK	ENSG00000103653.16_Artery_Aorta	DBP	3.46384424290251e-93	0.101778890715223	3.57581615658079e-94	0.00961829577363185	0.888602813511132	0.989291839532372
rs11636952	CSK	ENSG00000103653.16_Heart_Left_Ventricle	DBP	2.51894353414231e-94	0.00737238302158689	4.28742627884224e-94	0.0115672752108213	0.981060341767579	0.988346813031424
rs11636952	CSK	ENSG00000103653.16_Lung	DBP	2.64590612657021e-95	0.00077220882172718	3.51480985855314e-94	0.00926802766927536	0.989959763508997	0.990724809947143
rs11636952	CSK	ENSG00000103653.16_Muscle_Skeletal	DBP	2.16532226517186e-92	0.631275970795062	2.27267124285054e-94	0.00626326311901243	0.362460766085918	0.983013683343291
rs11636952	CSK	ENSG00000103653.16_Thyroid	DBP	4.19459049022718e-93	0.122054134090956	9.35236441879702e-94	0.0263619126562211	0.851583953252811	0.969973191195649
rs11636952	CYP1A1	ENSG00000140465.13_Adipose_Subcutaneous	DBP	3.68713278602562e-94	0.0107135631078235	4.17305617916283e-94	0.0111473533580179	0.978139083534154	0.988731925413799
rs11636952	CYP1A1	ENSG00000140465.13_Adipose_Visceral_Omentum	DBP	1.87639633652646e-93	0.0546071004635264	5.04656454681788e-94	0.0137549318064302	0.931637967730039	0.985450565777282
rs11636952	CYP1A1	ENSG00000140465.13_Artery_Tibial	DBP	5.35932167878454e-93	0.15590155922121	4.7228607724408e-94	0.0129075133814506	0.831190927397348	0.984708521236526
rs11636952	CYP1A1	ENSG00000140465.13_Breast_Mammary_Tissue	DBP	6.29641733663963e-93	0.183698347702843	4.77475825770072e-94	0.0131272109782764	0.803174441318873	0.983918676458225
rs11636952	CYP1A1	ENSG00000140465.13_Lung	DBP	1.50418957553301e-93	0.0438998363589844	6.06085428546402e-94	0.0167492779717157	0.9393508856693	0.982481670217552
rs11636952	CYP1A1	ENSG00000140465.13_Muscle_Skeletal	DBP	1.06654085569158e-95	0.00031093829537464	5.71457608593936e-94	0.0156762073094018	0.984012854395212	0.984318916841331
rs11636952	CYP1A1	ENSG00000140465.13_Nerve_Tibial	DBP	1.55618660448124e-92	0.452652388634288	2.66982746910001e-94	0.00722568056132273	0.540121930804399	0.98679873555437
rs11636952	EDC3	ENSG00000179151.11_Adipose_Subcutaneous	DBP	1.79849904450017e-93	0.0522583105377722	4.22593684139722e-94	0.0113427468509925	0.936398942611224	0.988031816076985
rs11636952	FAM219B	ENSG00000178761.14_Adipose_Subcutaneous	DBP	5.19115740228848e-95	0.00150837508870981	1.53239778327398e-92	0.444709280043789	0.553782344867488	0.554618918227477
rs11636952	FAM219B	ENSG00000178761.14_Esophagus_Mucosa	DBP	5.78935667000842e-94	0.016830009968453	3.20949294397353e-93	0.0924111420706337	0.890758847960927	0.906006954028705
rs11636952	FAM219B	ENSG00000178761.14_Esophagus_Muscularis	DBP	3.21651961879089e-92	0.939246775737144	3.41793816506279e-95	0.00093824745765022	0.0598149768052058	0.984556417062068
rs11636952	FAM219B	ENSG00000178761.14_Muscle_Skeletal	DBP	6.52392058264656e-93	0.190197753260216	1.79525178446242e-94	0.00442848602674975	0.805373760713047	0.994531398196809
rs11636952	LMAN1L	ENSG00000140506.16_Esophagus_Mucosa	DBP	1.69149788085558e-96	4.91728663806357e-05	1.79436097845494e-94	0.00422058564224828	0.995730241491361	0.995779206809252
rs11636952	MPI	ENSG00000178802.17_Adipose_Subcutaneous	DBP	3.35862718898979e-94	0.00975903674564428	5.36278056174476e-93	0.154989046571879	0.83525191668248	0.843483503184399
rs11636952	MPI	ENSG00000178802.17_Adipose_Visceral_Omentum	DBP	4.98245580313866e-95	0.00144999997762059	1.44574152202736e-92	0.420162961688572	0.5783870383338	0.579226917351001
rs11636952	MPI	ENSG00000178802.17_Artery_Aorta	DBP	6.6561515185458e-93	0.195579151510107	4.06374233525458e-94	0.0111473091783489	0.793273539311546	0.986142441236729
rs11636952	MPI	ENSG00000178802.17_Artery_Tibial	DBP	1.01271374069916e-93	0.0294596332675352	7.62286003121921e-94	0.0212254272353672	0.949314939497098	0.978130299405446
rs11636952	MPI	ENSG00000178802.17_Breast_Mammary_Tissue	DBP	1.38139521446957e-93	0.0403022869761212	2.23266610963713e-94	0.00555967852791387	0.954138034495957	0.994206844038009
rs11636952	MPI	ENSG00000178802.17_Esophagus_Gastroesophageal_Junction	DBP	8.53463528555538e-93	0.250351859248125	7.58243043675497e-94	0.0215138889155026	0.728134251836383	0.971301350932553
rs11636952	MPI	ENSG00000178802.17_Esophagus_Mucosa	DBP	4.5961072695469e-95	0.00133611617959688	5.04658236183853e-93	0.145854391838972	0.852809491981426	0.853950469019662
rs11636952	MPI	ENSG00000178802.17_Esophagus_Muscularis	DBP	2.85167085007323e-93	0.0832708321052218	5.31786366972146e-94	0.0146264402242086	0.902102727670567	0.984044971256017
rs11636952	MPI	ENSG00000178802.17_Lung	DBP	2.70730704764368e-95	0.00079012870650275	9.64697613154655e-93	0.280829025426943	0.718380845866544	0.7189489080373
rs11636952	MPI	ENSG00000178802.17_Nerve_Tibial	DBP	7.20321047957001e-98	2.09521815701518e-06	3.40953645325276e-92	0.991733223940297	0.00826468084153483	0.00826469815788057
rs11636952	MPI	ENSG00000178802.17_Skin_Not_Sun_Exposed_Suprapubic	DBP	5.56839556005303e-95	0.00161807257452572	4.53434240112892e-94	0.0121897667014835	0.986192160723981	0.987790477404857
rs11636952	MPI	ENSG00000178802.17_Skin_Sun_Exposed_Lower_leg	DBP	6.39824663256675e-96	0.00018727852398865	6.61083411885772e-93	0.192693902196664	0.807118819279357	0.807270003614086
rs11636952	MPI	ENSG00000178802.17_Stomach	DBP	9.73674803485685e-93	0.283496130586157	4.18137423800299e-94	0.0114694967208798	0.705034372692951	0.983992414820784
rs11636952	MPI	ENSG00000178802.17_Thyroid	DBP	3.91984557485073e-93	0.114059610472906	1.34853482518711e-93	0.038392098764937	0.847548290762143	0.956665144496425
rs11636952	MPI	ENSG00000178802.17_Whole_Blood	DBP	1.27956349539436e-98	3.72522806651103e-07	3.39032793928911e-92	0.98702243289454	0.0129771945826522	0.012977199416955
rs11636952	PPCDC	ENSG00000138621.11_Adipose_Visceral_Omentum	DBP	2.75336611940331e-93	0.0801287752317066	7.23196656765375e-94	0.0201468272942532	0.89972439747405	0.978098209019064
rs11636952	PPCDC	ENSG00000138621.11_Artery_Tibial	DBP	2.40370031830892e-93	0.0699231451264313	6.39809044371105e-94	0.0176995354560642	0.912377319417508	0.980969814092976
rs11636952	PPCDC	ENSG00000138621.11_Esophagus_Gastroesophageal_Junction	DBP	1.17233232014962e-92	0.343887660323176	4.67853698607677e-94	0.0130808171697477	0.643031522507063	0.980063144100916
rs11636952	PPCDC	ENSG00000138621.11_Heart_Atrial_Appendage	DBP	1.80762224727147e-93	0.0528193526236553	8.20186107464435e-94	0.0230419855062618	0.924138661870077	0.975673082457832
rs11636952	PPCDC	ENSG00000138621.11_Nerve_Tibial	DBP	6.02660739057099e-93	0.175297629657491	6.08310673280804e-94	0.0168862881144907	0.807816082228019	0.97952438513366
rs11636952	PPCDC	ENSG00000138621.11_Skin_Not_Sun_Exposed_Suprapubic	DBP	1.34426447120746e-92	0.390618347836876	3.77584045727988e-94	0.0103728839858835	0.599008768177228	0.982978017226047
rs11636952	PPCDC	ENSG00000138621.11_Skin_Sun_Exposed_Lower_leg	DBP	1.15812341077481e-94	0.00338986061998058	1.0769434525193e-93	0.0305563916641993	0.966053747715809	0.969339674104451
rs11636952	PPCDC	ENSG00000138621.11_Whole_Blood	DBP	2.03040321751874e-92	0.591116820654843	1.92864174916723e-94	0.00521123532717476	0.403671944017972	0.987254953027119
rs11636952	RPP25	ENSG00000178718.6_Adipose_Subcutaneous	DBP	5.49538005918969e-103	1.59677192231162e-11	3.43078490072807e-92	0.996867136702897	0.00313286328114405	0.00313286328119405
rs11636952	RPP25	ENSG00000178718.6_Adipose_Visceral_Omentum	DBP	1.00541080926304e-93	0.0292595801855896	9.43694755373989e-94	0.0265192914091456	0.944221128405269	0.972681377155166
rs11636952	RPP25	ENSG00000178718.6_Artery_Aorta	DBP	4.62821264754204e-99	1.35991781450969e-07	1.02289227264314e-92	0.299858525651686	0.700141338356524	0.700141433570011
rs11636952	RPP25	ENSG00000178718.6_Artery_Tibial	DBP	1.22362861436763e-112	3.55951033211479e-21	9.68085376400013e-93	0.280894928729804	0.719105071270181	0.719105071270192
rs11636952	RPP25	ENSG00000178718.6_Breast_Mammary_Tissue	DBP	1.16804691374168e-95	0.00034077837700679	4.39743862200877e-94	0.0118417356678196	0.987817485955174	0.98815422754907
rs11636952	RPP25	ENSG00000178718.6_Heart_Atrial_Appendage	DBP	7.4686181269985e-93	0.218235626971742	7.08320280157735e-94	0.0199355368355406	0.761828836192718	0.974499302445419
rs11636952	RPP25	ENSG00000178718.6_Lung	DBP	4.018165844428e-103	1.17270340057465e-11	9.78271913691866e-93	0.284793865489301	0.715206134498959	0.715206134507355
rs11636952	RPP25	ENSG00000178718.6_Muscle_Skeletal	DBP	1.60297427718062e-92	0.467329579186862	3.03457175271889e-94	0.00832261349704573	0.524347807316101	0.984375679272108
rs11636952	RPP25	ENSG00000178718.6_Nerve_Tibial	DBP	5.99535122352603e-100	1.74388472707308e-08	9.02455351269671e-94	0.0252752487083864	0.974724733852776	0.974724750850843
rs11636952	RPP25	ENSG00000178718.6_Skin_Not_Sun_Exposed_Suprapubic	DBP	1.6353891835343e-92	0.475213795071638	3.76449760589596e-94	0.0104245708955914	0.514361634032769	0.980135585124585
rs11636952	RPP25	ENSG00000178718.6_Skin_Sun_Exposed_Lower_leg	DBP	3.57980969822564e-95	0.00104782062171778	9.19951183547042e-94	0.0259542384865655	0.972997940891708	0.974018537601351
rs11636952	RPP25	ENSG00000178718.6_Stomach	DBP	2.25565090232802e-92	0.656757574986966	2.42955097942247e-94	0.00673739993027112	0.336505025082757	0.980371307742581
rs11636952	RPP25	ENSG00000178718.6_Thyroid	DBP	5.09522882441658e-94	0.0148260895457702	4.92030646916899e-94	0.0133452720882895	0.971828638365931	0.986453892103033
rs11636952	SCAMP2	ENSG00000140497.16_Esophagus_Mucosa	DBP	1.48188616990844e-97	4.30793271744223e-06	2.87042693309055e-92	0.834284758284909	0.165710933782364	0.165711647656994
rs11636952	SCAMP2	ENSG00000140497.16_Skin_Not_Sun_Exposed_Suprapubic	DBP	1.63621547803825e-92	0.475453900944309	3.07477747638808e-94	0.00841860613664618	0.516127492919053	0.983950683930733
rs11636952	SCAMP2	ENSG00000140497.16_Skin_Sun_Exposed_Lower_leg	DBP	2.56554126148364e-92	0.750941325451694	2.2056934383124e-94	0.00621328290757249	0.242845391640738	0.975052935141324
rs11636952	SCAMP2	ENSG00000140497.16_Whole_Blood	DBP	5.15529953228261e-100	1.50087639871373e-08	8.2547124874111e-93	0.23956125495509	0.760438730036157	0.760438741449394
rs11636952	SCAMP5	ENSG00000198794.11_Artery_Aorta	DBP	2.93596298476757e-94	0.00862680405976356	3.96636966733454e-93	0.115669000646731	0.875704195293502	0.883324462351407
rs11636952	SCAMP5	ENSG00000198794.11_Artery_Tibial	DBP	3.80656947767594e-100	1.10732318831091e-08	3.80554642107872e-93	0.109812370708045	0.89018761821871	0.890187628075976
rs11636952	SCAMP5	ENSG00000198794.11_Lung	DBP	3.83482172733443e-94	0.011191943424831	5.75473836816606e-94	0.0158222424443638	0.972985814130795	0.983998671593387
rs11636952	SCAMP5	ENSG00000198794.11_Nerve_Tibial	DBP	4.62339855541979e-93	0.134482098335291	1.19031395048008e-93	0.0337912711100746	0.831726630554628	0.960958322127039
rs11636952	SCAMP5	ENSG00000198794.11_Skin_Not_Sun_Exposed_Suprapubic	DBP	2.56420195467961e-92	0.745109576657447	1.01347634463222e-94	0.00269277682682139	0.252197646515731	0.989435551200751
rs11636952	SCAMP5	ENSG00000198794.11_Thyroid	DBP	1.79877783854284e-95	0.00052340811818666	4.53161809401311e-94	0.0121988180747467	0.987277773807071	0.987794793621151
rs11636952	SEMA7A	ENSG00000138623.9_Nerve_Tibial	DBP	3.07412488431319e-93	0.0894179379155069	2.34733753378603e-94	0.00592310796367323	0.90465895412082	0.993495250773869
rs11636952	ULK3	ENSG00000140474.12_Adipose_Subcutaneous	DBP	2.00045690029803e-97	5.81265240217333e-06	1.55012625274095e-94	0.00350765704075641	0.996486530306831	0.996492322570334
rs11636952	ULK3	ENSG00000140474.12_Adipose_Visceral_Omentum	DBP	1.71916456868878e-99	5.00313236005933e-08	1.30220347185327e-94	0.00279247994447379	0.997207470024203	0.997207519915815
rs11636952	ULK3	ENSG00000140474.12_Artery_Aorta	DBP	3.40386094768941e-93	0.100016388472017	3.87127936760907e-94	0.0104855665379892	0.889498044990002	0.988349158358354
rs11636952	ULK3	ENSG00000140474.12_Artery_Tibial	DBP	1.32134228399306e-95	0.00038437573761415	2.60246074446618e-94	0.00657746632363352	0.993038157938753	0.993420004485737
rs11636952	ULK3	ENSG00000140474.12_Breast_Mammary_Tissue	DBP	1.05435082328585e-92	0.30760747546018	4.34632764607226e-94	0.012000044099145	0.680392480440688	0.982668726663217
rs11636952	ULK3	ENSG00000140474.12_Esophagus_Gastroesophageal_Junction	DBP	1.85948251206811e-92	0.545453775773537	1.30413894471396e-94	0.0033743414356237	0.451171882790832	0.992576461411892
rs11636952	ULK3	ENSG00000140474.12_Esophagus_Mucosa	DBP	2.74524168702663e-92	0.798058361092543	1.25750223374666e-94	0.00345715055637601	0.198484488351091	0.982880447167411
rs11636952	ULK3	ENSG00000140474.12_Heart_Left_Ventricle	DBP	2.89360729222384e-94	0.00846893984846499	8.15944227970951e-93	0.238055107539627	0.7534759526119	0.759911598227445
rs11636952	ULK3	ENSG00000140474.12_Lung	DBP	5.39722442417638e-98	1.57518223013943e-06	3.72929924688209e-94	0.00989387106573013	0.990104553752042	0.990106113349595
rs11636952	ULK3	ENSG00000140474.12_Muscle_Skeletal	DBP	4.1928629178425e-95	0.00122238322278627	3.11100384861106e-94	0.00807909217707752	0.990698524600128	0.991911019989468
rs11636952	ULK3	ENSG00000140474.12_Stomach	DBP	3.16256177770964e-96	9.20814653425037e-05	1.42654905947011e-93	0.040576213530766	0.959331705003902	0.959420049807957
rs11636952	ULK3	ENSG00000140474.12_Thyroid	DBP	4.3726586769539e-96	0.00012723555964148	1.61830784066524e-94	0.003712789865587	0.996159974574771	0.996286737675403
rs11636952	ULK3	ENSG00000140474.12_Whole_Blood	DBP	2.42824224505808e-96	7.06940780675384e-05	1.28324473125753e-92	0.372967573144878	0.626961732777056	0.627006058392296
rs1216743	ARHGAP42	ENSG00000165895.17_Adipose_Subcutaneous	DBP	1.48535566771013e-82	0.0031015660496393	2.07806369635603e-82	0.00334564485205791	0.99355278909829	0.996643946125183
rs1216743	ARHGAP42	ENSG00000165895.17_Adipose_Visceral_Omentum	DBP	3.39564157854681e-80	0.699635086597192	5.75728955314261e-83	0.00088674885084514	0.299478164551959	0.99704776153513
rs1216743	ARHGAP42	ENSG00000165895.17_Artery_Aorta	DBP	1.63286697697303e-93	3.35095325009099e-14	5.58734928351605e-83	0.00014677699887402	0.999853223001086	0.999853223001126
rs1216743	ARHGAP42	ENSG00000165895.17_Artery_Coronary	DBP	5.01149121963833e-83	0.00104629379447783	2.63077353847905e-82	0.00449804528810285	0.994455660917415	0.995497243505719
rs1216743	ARHGAP42	ENSG00000165895.17_Artery_Tibial	DBP	1.23448860195081e-102	2.53555739697569e-23	4.88649304387149e-83	3.6567940590704e-06	0.999996343205943	0.999996343205941
rs1216743	ARHGAP42	ENSG00000165895.17_Heart_Atrial_Appendage	DBP	8.61051080300406e-81	0.17792307926805	1.79571785696468e-82	0.0028913916703342	0.819185529061611	0.99648282101417
rs1216743	ARHGAP42	ENSG00000165895.17_Heart_Left_Ventricle	DBP	3.14108457851512e-81	0.0657746711668727	2.77606243104283e-82	0.0048837649914382	0.929341563841684	0.994772390727687
rs1216743	ARHGAP42	ENSG00000165895.17_Skin_Sun_Exposed_Lower_leg	DBP	9.48878560010957e-81	0.19988652257392	1.30334379621582e-82	0.00194739979479029	0.798166077631298	0.997566095498035
rs1216743	ENSG00000170647	ENSG00000170647.3_Adipose_Subcutaneous	DBP	2.88794176405876e-82	0.00603030124263011	8.4598200181895e-83	0.00077329569879105	0.993196403058583	0.999222012804055
rs1216743	ENSG00000170647	ENSG00000170647.3_Adipose_Visceral_Omentum	DBP	1.68775288566006e-80	0.347743161049044	1.4516765427037e-82	0.00234110619984122	0.649915732751104	0.996410760209726
rs1216743	ENSG00000170647	ENSG00000170647.3_Artery_Aorta	DBP	7.32857689752941e-90	1.50396320824875e-10	5.29684414442001e-83	8.71001485922932e-05	0.999912899701008	0.999912899851395
rs1216743	ENSG00000170647	ENSG00000170647.3_Artery_Coronary	DBP	3.67692374639792e-84	7.67664220092551e-05	5.57353426074343e-82	0.0106470892701887	0.9892761443078	0.989352093328114
rs1216743	ENSG00000170647	ENSG00000170647.3_Artery_Tibial	DBP	6.33731020815323e-106	1.30164132336418e-26	4.88116939487881e-83	2.5622574638952e-06	0.99999743774255	0.999997437742536
rs1216743	ENSG00000170647	ENSG00000170647.3_Heart_Atrial_Appendage	DBP	9.34691988731901e-81	0.193139850360953	1.03219730144448e-82	0.00132734556385038	0.805532804075209	0.998354924872118
rs1216743	ENSG00000170647	ENSG00000170647.3_Nerve_Tibial	DBP	1.25524285116066e-81	0.0258268323654379	5.33723300958993e-82	0.0100172906300603	0.964155877004498	0.989717135553647
rs1216743	ENSG00000170647	ENSG00000170647.3_Pancreas	DBP	1.48980135208517e-80	0.308884986774686	2.36231884506766e-82	0.00421096252859603	0.686904050696725	0.99390700180431
rs12693302	PDE1A	ENSG00000115252.18_Breast_Mammary_Tissue	DBP	5.92053786978342e-33	0.181195527166288	6.32477360833984e-35	0.00111798339964732	0.817686489434066	0.998634614933431
rs12921187	ENSG00000267077	ENSG00000267077.1_Colon_Transverse	DBP	1.94793373514699e-19	0.0300456425974978	6.73261375962379e-20	0.00942409952283453	0.960530257879669	0.990283976301656
rs12921187	ENSG00000267077	ENSG00000267077.1_Esophagus_Gastroesophageal_Junction	DBP	2.9200114570523e-22	4.50070649797937e-05	2.2947364242123e-19	0.0344039510559931	0.965551041879029	0.965594500453453
rs12921187	ENSG00000267077	ENSG00000267077.1_Esophagus_Mucosa	DBP	9.45860562327079e-22	0.00014583135433824	4.75744597077403e-19	0.0724221521338289	0.927432016511832	0.92756728490523
rs12921187	ENSG00000267077	ENSG00000267077.1_Esophagus_Muscularis	DBP	3.41338833528724e-20	0.00526529770546171	2.81480203777773e-19	0.0424672595933069	0.952267442701232	0.957307954075244
rs12921187	ENSG00000267077	ENSG00000267077.1_Heart_Left_Ventricle	DBP	1.10845349689043e-19	0.0170946702825721	1.78208893591412e-19	0.0265271589005478	0.956378170816882	0.973011481270354
rs12921187	ENSG00000267077	ENSG00000267077.1_Whole_Blood	DBP	3.95243039312274e-30	6.09854096609522e-13	1.68520944385328e-19	0.0250275571593823	0.974972442840011	0.974972442840602
rs12921187	MGRN1	ENSG00000102858.12_Adipose_Subcutaneous	DBP	6.69766189930151e-22	0.0001032562054962	2.13334089026245e-19	0.0319212160543811	0.967975527740125	0.9680754875416
rs12921187	MGRN1	ENSG00000102858.12_Adipose_Visceral_Omentum	DBP	1.63370948914457e-20	0.00251861844113757	1.06503336324064e-19	0.0154371091138109	0.982044272445053	0.984523912526883
rs12921187	MGRN1	ENSG00000102858.12_Artery_Tibial	DBP	1.34128296412314e-19	0.0206793654047986	7.10270792844537e-20	0.00998133229680784	0.969339302298392	0.989807901575633
rs12921187	MGRN1	ENSG00000102858.12_Colon_Transverse	DBP	3.78438181928096e-18	0.58371689725885	3.11902416508666e-20	0.00439901289428907	0.411884089846863	0.989432641235442
rs12921187	MGRN1	ENSG00000102858.12_Esophagus_Gastroesophageal_Junction	DBP	3.68403087833438e-19	0.0567831392333445	9.98034073617944e-20	0.0144542538860463	0.928762606880607	0.984675577285273
rs12921187	MGRN1	ENSG00000102858.12_Esophagus_Muscularis	DBP	4.63058195448388e-20	0.00714287099649464	1.17113968778805e-19	0.0170895637277916	0.975767565275712	0.982787489530398
rs12921187	MGRN1	ENSG00000102858.12_Lung	DBP	1.9772798352225e-21	0.00030482869675685	3.31813486759778e-19	0.0502047624862721	0.949490408816973	0.949779928994932
rs12921187	MGRN1	ENSG00000102858.12_Nerve_Tibial	DBP	3.55680873503147e-21	0.00054824310977031	1.54363340673748e-19	0.0228167832926116	0.97663497359762	0.977170700701347
rs12921187	MGRN1	ENSG00000102858.12_Skin_Not_Sun_Exposed_Suprapubic	DBP	2.17766649451201e-19	0.0335634083853047	6.39783792543262e-20	0.00890317057635702	0.95753342103834	0.990787630917946
rs12921187	MGRN1	ENSG00000102858.12_Skin_Sun_Exposed_Lower_leg	DBP	4.12622709688233e-19	0.0636361529238404	1.49451856849777e-19	0.0221347718496868	0.914229075226475	0.976360928586891
rs12921187	MGRN1	ENSG00000102858.12_Thyroid	DBP	2.41344572363175e-19	0.0371976148463737	1.4719574067751e-19	0.0217457202330883	0.941056664920541	0.977414139631968
rs12921187	MGRN1	ENSG00000102858.12_Whole_Blood	DBP	5.05191645689929e-18	0.779503151359716	3.41070393060218e-20	0.00504721550581194	0.215449633134472	0.977109806616575
rs12921187	ROGDI	ENSG00000067836.12_Lung	DBP	5.65896485281234e-20	0.00872418182973857	1.15694411666647e-19	0.0168616938975477	0.974414124272717	0.982989906957812
rs12921187	ROGDI	ENSG00000067836.12_Whole_Blood	DBP	1.94559849461449e-20	0.00300202936998597	1.07005890717364e-19	0.0155293802607285	0.981468590369284	0.984423859708646
rs12921187	SEPTIN12	ENSG00000140623.13_Esophagus_Gastroesophageal_Junction	DBP	6.73175249089217e-22	0.00010375864144427	1.53786954805891e-19	0.0227265025576785	0.977169738800879	0.977271139126596
rs12921187	SEPTIN12	ENSG00000140623.13_Esophagus_Mucosa	DBP	1.32690152873399e-19	0.0204579675605342	6.68913497686025e-20	0.00934300835425032	0.970199024085213	0.990461860701391
rs12921187	SEPTIN12	ENSG00000140623.13_Esophagus_Muscularis	DBP	1.06254420374528e-20	0.00163901994393523	2.39856763443967e-19	0.0360366087164983	0.962324371339568	0.963904229595918
rs12921187	SEPTIN12	ENSG00000140623.13_Skin_Not_Sun_Exposed_Suprapubic	DBP	1.1235812889084e-20	0.00173172603558701	6.9795641404881e-20	0.00976879334585356	0.988499480618558	0.990214260434163
rs12921187	SEPTIN12	ENSG00000140623.13_Skin_Sun_Exposed_Lower_leg	DBP	8.9222022235539e-26	1.37601399967661e-08	3.9536296871789e-20	0.00510253192778982	0.994897454312069	0.994897468001999
rs12921187	SEPTIN12	ENSG00000140623.13_Whole_Blood	DBP	9.00660658164896e-23	1.38970592117859e-05	1.19506538326481e-19	0.0174571511237238	0.982528951817066	0.982542606269842
rs12921187	SMIM22	ENSG00000267795.5_Whole_Blood	DBP	8.61841469308314e-23	1.32980849352892e-05	1.43373476547716e-19	0.0211434697046383	0.978843232210425	0.978856249123967
rs12921187	UBN1	ENSG00000118900.14_Adipose_Subcutaneous	DBP	4.10814132746711e-19	0.0633342040094085	2.05919747265911e-19	0.0308403152757084	0.905825480714884	0.967074365896864
rs12921187	UBN1	ENSG00000118900.14_Artery_Aorta	DBP	5.36211286759744e-23	8.27087133048153e-06	5.75985251208959e-20	0.00789227134648041	0.992099457782189	0.992107663377019
rs12921187	UBN1	ENSG00000118900.14_Artery_Tibial	DBP	9.38080600473357e-24	1.44629522891341e-06	1.80807594596556e-18	0.278039974333812	0.721958579370958	0.721959623537718
rs12921187	UBN1	ENSG00000118900.14_Esophagus_Mucosa	DBP	2.73471535663625e-22	4.21634287411956e-05	2.72632976134181e-19	0.0410752583199548	0.958882578251304	0.958923009733293
rs12921187	UBN1	ENSG00000118900.14_Esophagus_Muscularis	DBP	2.84240344522624e-20	0.00438452905678157	7.4423247000939e-20	0.0104949841240757	0.985120486819142	0.989458797668006
rs12921187	UBN1	ENSG00000118900.14_Heart_Left_Ventricle	DBP	3.07660254862301e-18	0.474476433217751	4.59826318087509e-20	0.00657253211460884	0.518951034667643	0.987493363704216
rs12921187	UBN1	ENSG00000118900.14_Muscle_Skeletal	DBP	2.83343874579687e-18	0.436744581724802	3.02519164698551e-20	0.00410386105408014	0.559151557221116	0.992714031821217
rs12921187	UBN1	ENSG00000118900.14_Nerve_Tibial	DBP	1.89087895201252e-20	0.00291458280182561	1.6049129637004e-19	0.0237646547565599	0.973320762441617	0.976165878723471
rs12921187	UBN1	ENSG00000118900.14_Skin_Not_Sun_Exposed_Suprapubic	DBP	5.11935173556448e-24	7.89022990443136e-07	4.64370624745775e-20	0.00616330268927059	0.993835908287742	0.993836692447738
rs12921187	UBN1	ENSG00000118900.14_Skin_Sun_Exposed_Lower_leg	DBP	1.09157795925131e-27	1.68347064551282e-10	2.86470729099178e-20	0.00342147571699425	0.996578524114658	0.99657852428243
rs12921187	ZNF500	ENSG00000103199.13_Adipose_Subcutaneous	DBP	7.1121466130321e-21	0.00109646214341005	1.41928678046262e-19	0.0209027943256829	0.978000743530905	0.979074261394113
rs12921187	ZNF500	ENSG00000103199.13_Heart_Atrial_Appendage	DBP	1.44197549126055e-19	0.022225982437695	2.5011752354526e-19	0.0376118640033975	0.940162153558908	0.961533172974704
rs12921187	ZNF500	ENSG00000103199.13_Lung	DBP	1.15784771229786e-21	0.00017850038365609	1.47218669235874e-19	0.0217179631922393	0.978103536424108	0.978278159450889
rs12921187	ZNF500	ENSG00000103199.13_Muscle_Skeletal	DBP	4.61628750935603e-19	0.0711551841516204	1.20530698892154e-19	0.0176673535720507	0.91117746227633	0.980979219272582
rs12921187	ZNF500	ENSG00000103199.13_Nerve_Tibial	DBP	4.95817994128758e-19	0.0764249132386438	1.94557901917051e-19	0.02909448904432	0.894480597717034	0.968497971132652
rs12921187	ZNF500	ENSG00000103199.13_Skin_Not_Sun_Exposed_Suprapubic	DBP	8.22149088811693e-19	0.126714194716838	2.09493475066664e-19	0.0314464613459935	0.841839343937169	0.963990641831402
rs12921187	ZNF500	ENSG00000103199.13_Skin_Sun_Exposed_Lower_leg	DBP	9.76153103622485e-21	0.00150545829690608	1.25612702772996e-19	0.0183923389527037	0.98010220275039	0.981579930400688
rs12921187	ZNF500	ENSG00000103199.13_Thyroid	DBP	1.80381757782973e-19	0.0278016243979419	4.79003721771111e-19	0.0729279375988485	0.899270438003207	0.92498656711529
rs13107325	UBE2D3	ENSG00000109332.19_Artery_Aorta	DBP	1.8464626674936e-81	0.361981122269591	1.49645325793094e-83	0.00229793072798707	0.635720947002413	0.996398334268476
rs13139571	ENSG00000260244	ENSG00000260244.1_Adipose_Subcutaneous	DBP	2.33797683404014e-28	0.00120072651189202	4.84554438419975e-26	0.248104363101634	0.750694910386472	0.751597373278838
rs13139571	ENSG00000260244	ENSG00000260244.1_Adipose_Visceral_Omentum	DBP	5.55272638109597e-26	0.296965198914501	1.01971157878612e-27	0.00475523697977751	0.698279564105724	0.993236128606386
rs13139571	ENSG00000260244	ENSG00000260244.1_Artery_Tibial	DBP	5.92019003786975e-28	0.00306780087675417	1.56654537903156e-26	0.0802606091480847	0.91667158997516	0.919492409595487
rs13139571	ENSG00000260244	ENSG00000260244.1_Colon_Sigmoid	DBP	1.56816313552857e-25	0.837281894320322	8.79897121219692e-28	0.00453981461394858	0.158178291065728	0.972100126196862
rs13139571	ENSG00000260244	ENSG00000260244.1_Esophagus_Muscularis	DBP	1.45605337672465e-28	0.00075964533510857	6.06703207592059e-28	0.00216819134150398	0.997072163323385	0.997830160349928
rs13139571	ENSG00000260244	ENSG00000260244.1_Lung	DBP	2.66247816651456e-28	0.00136060076737817	1.12137417942447e-27	0.00473663274825507	0.99390276648437	0.995256913805028
rs13139571	ENSG00000260244	ENSG00000260244.1_Muscle_Skeletal	DBP	1.78476059280704e-27	0.0091987275399403	5.0490331110792e-27	0.0250571746713374	0.965744097788721	0.974710191268605
rs13139571	ENSG00000260244	ENSG00000260244.1_Nerve_Tibial	DBP	3.15999330255642e-31	1.63358054663206e-06	1.26141539821503e-26	0.0642740232242822	0.935724343195175	0.935725871778753
rs13139571	ENSG00000260244	ENSG00000260244.1_Skin_Not_Sun_Exposed_Suprapubic	DBP	7.29925477380106e-26	0.378844308699413	8.93773364867725e-28	0.00402170879035184	0.617133982510235	0.99352544161363
rs13139571	ENSG00000260244	ENSG00000260244.1_Skin_Sun_Exposed_Lower_leg	DBP	1.07411297938112e-25	0.555865065489156	5.65036234295414e-28	0.00248247106368249	0.441652463447162	0.99441054762689
rs13139571	ENSG00000260244	ENSG00000260244.1_Spleen	DBP	1.6244829434496e-25	0.835938033944249	5.70448641330446e-28	0.0027741675574522	0.161287798498302	0.983090733189742
rs13139571	ENSG00000260244	ENSG00000260244.1_Thyroid	DBP	1.03373744875013e-25	0.53486552921286	8.83155752802388e-28	0.00410850539550823	0.46102596539163	0.99116705887535
rs13139571	GUCY1A1	ENSG00000164116.16_Adipose_Subcutaneous	DBP	4.94506938302148e-26	0.25396641339165	5.66954661621586e-27	0.028399741628473	0.717633844979878	0.961932355140222
rs13139571	GUCY1A1	ENSG00000164116.16_Artery_Tibial	DBP	2.43615707191387e-27	0.0126239947591572	1.34564408344181e-26	0.0688117665881485	0.918564238652694	0.930308447619847
rs1530440	CABCOCO1	ENSG00000183346.6_Adrenal_Gland	DBP	2.70772452906492e-83	0.0108839657145477	2.45119208017748e-81	0.985276985276049	0.00383904900941615	0.00388129286791865
rs1794519	ATF6B	ENSG00000213676.10_Muscle_Skeletal	DBP	1.12651249739877e-33	0.0682402131038937	1.77688786470861e-34	0.00984185138168627	0.921917935514423	0.989437351214231
rs1794519	C4A	ENSG00000244731.7_Adipose_Subcutaneous	DBP	4.97221721818411e-42	3.11905322871533e-10	1.70926490423283e-34	0.0097318865803356	0.990268113107758	0.990268113416629
rs1794519	C4A	ENSG00000244731.7_Adipose_Visceral_Omentum	DBP	1.37197769905986e-39	8.20314597903864e-08	1.94133544230751e-34	0.0106179918952669	0.989381926073268	0.989382007233724
rs1794519	C4A	ENSG00000244731.7_Artery_Aorta	DBP	4.58293034745681e-39	2.75236633234903e-07	1.86947465761026e-34	0.0102377250373433	0.989761999726025	0.989762272144859
rs1794519	C4A	ENSG00000244731.7_Artery_Tibial	DBP	6.73744839160567e-37	4.35469512821451e-05	2.11878295653221e-34	0.0127073326890542	0.987249120359668	0.98729211392125
rs1794519	C4A	ENSG00000244731.7_Breast_Mammary_Tissue	DBP	1.29716346224593e-41	8.01351008592093e-10	1.97966986021192e-34	0.0112410832383467	0.988758915960307	0.988758916752645
rs1794519	C4A	ENSG00000244731.7_Colon_Transverse	DBP	4.23187843548326e-39	2.54718584346487e-07	1.90780723234696e-34	0.0104936677621355	0.989506077519282	0.989506329564932
rs1794519	C4A	ENSG00000244731.7_Esophagus_Gastroesophageal_Junction	DBP	8.24564782713902e-40	4.70967382232953e-08	1.86376704982545e-34	0.00965494942274162	0.990345003480526	0.990345050122542
rs1794519	C4A	ENSG00000244731.7_Esophagus_Mucosa	DBP	1.35832030113286e-38	8.0604421457989e-07	1.96219790532511e-34	0.0106545825840695	0.989344611371722	0.989345408827859
rs1794519	C4A	ENSG00000244731.7_Esophagus_Muscularis	DBP	1.18398047000585e-43	7.60548032112411e-12	2.21062167594235e-34	0.0132134812050096	0.986786518787379	0.98678651879489
rs1794519	C4A	ENSG00000244731.7_Heart_Atrial_Appendage	DBP	3.26227525730037e-40	2.11963462647739e-08	1.62396055547742e-34	0.00956110185438679	0.990438876949267	0.990438897942953
rs1794519	C4A	ENSG00000244731.7_Heart_Left_Ventricle	DBP	7.0227045147144e-40	4.40550067706381e-08	1.78928570281564e-34	0.0102348269903614	0.989765128954625	0.989765172558743
rs1794519	C4A	ENSG00000244731.7_Lung	DBP	1.79218882939384e-44	1.12156362397417e-12	1.71917870972796e-34	0.00976850258416024	0.990231497414724	0.990231497415829
rs1794519	C4A	ENSG00000244731.7_Muscle_Skeletal	DBP	5.82852868869314e-42	3.53072017147612e-10	1.77064263640376e-34	0.00973567356791142	0.990264326079014	0.990264326428651
rs1794519	C4A	ENSG00000244731.7_Nerve_Tibial	DBP	8.45146404065584e-42	5.56430600927666e-10	2.02182628328636e-34	0.0123236980163069	0.987676301427261	0.987676301976836
rs1794519	C4A	ENSG00000244731.7_Skin_Not_Sun_Exposed_Suprapubic	DBP	5.65500580249313e-43	3.34547499209177e-11	2.34333517722468e-34	0.0128759372803063	0.987124062686233	0.987124062719263
rs1794519	C4A	ENSG00000244731.7_Skin_Sun_Exposed_Lower_leg	DBP	1.50112502118335e-41	9.22396207404258e-10	1.86004546956675e-34	0.0104398602126482	0.989560138864957	0.989560139777722
rs1794519	C4A	ENSG00000244731.7_Stomach	DBP	8.58563993845093e-36	0.00053456518721956	2.07992141428239e-34	0.0119626510568262	0.987502783755958	0.988030950706097
rs1794519	C4A	ENSG00000244731.7_Thyroid	DBP	2.95486060163118e-47	1.84334203043635e-15	1.84619701512756e-34	0.0105277294294762	0.989472270570527	0.989472270570524
rs1794519	C4A	ENSG00000244731.7_Whole_Blood	DBP	3.84719063030632e-39	2.42451463225586e-07	1.75366471431843e-34	0.0100617258147165	0.989938031733823	0.989938271745803
rs1794519	C4B	ENSG00000224389.8_Skin_Not_Sun_Exposed_Suprapubic	DBP	4.33194838784817e-36	0.00025627604117026	2.68774276916584e-34	0.0149157325623269	0.984827991396496	0.985080443912903
rs1794519	C4B	ENSG00000224389.8_Skin_Sun_Exposed_Lower_leg	DBP	9.18790607626315e-39	5.6456921303269e-07	2.11795474187152e-34	0.0120262220987689	0.987973213332018	0.987973771111592
rs1794519	C4B	ENSG00000224389.8_Whole_Blood	DBP	1.2543614192753e-37	7.90503488756946e-06	1.84355278556685e-34	0.0106287786825376	0.989363316282568	0.989371137295932
rs1794519	CLIC1	ENSG00000213719.8_Adipose_Visceral_Omentum	DBP	1.2647663676111e-32	0.756212229251377	5.09521696982577e-35	0.00280548185020509	0.240982288898425	0.988492114097479
rs1794519	CLIC1	ENSG00000213719.8_Lung	DBP	1.1770814588049e-32	0.73662536279536	5.06276366953319e-35	0.00290784419933973	0.260466793005307	0.988959285411069
rs1794519	CLIC1	ENSG00000213719.8_Nerve_Tibial	DBP	6.33925591448953e-33	0.417366264704588	1.21738405124823e-34	0.00743986406354996	0.57519387123186	0.98723063287817
rs1794519	CYP21A1P	ENSG00000204338.8_Adipose_Subcutaneous	DBP	5.90945718963576e-42	3.70698035071362e-10	1.79470622796751e-34	0.0102683933091919	0.989731606320112	0.989731606687002
rs1794519	CYP21A1P	ENSG00000204338.8_Adipose_Visceral_Omentum	DBP	1.50939139367728e-38	9.02475160516374e-07	2.21658675719242e-34	0.012265386041785	0.987733711483048	0.987734602888999
rs1794519	CYP21A1P	ENSG00000204338.8_Artery_Aorta	DBP	4.01491706937553e-38	2.41123511184386e-06	1.89244322675789e-34	0.010375807383609	0.989621781381274	0.98962416759782
rs1794519	CYP21A1P	ENSG00000204338.8_Artery_Tibial	DBP	4.51325099473543e-38	2.91710317865601e-06	1.80614800920644e-34	0.0106845786773815	0.989312504219435	0.989315390154509
rs1794519	CYP21A1P	ENSG00000204338.8_Breast_Mammary_Tissue	DBP	4.17244908923414e-39	2.57762138949534e-07	1.66339584733597e-34	0.00928527602184986	0.990714466216005	0.990714721584757
rs1794519	CYP21A1P	ENSG00000204338.8_Colon_Transverse	DBP	5.4892308637951e-35	0.0033039916814559	1.9342769280282e-34	0.0106564565253692	0.986039551793172	0.989308217915564
rs1794519	CYP21A1P	ENSG00000204338.8_Esophagus_Gastroesophageal_Junction	DBP	1.63655451137992e-37	9.34752259936814e-06	2.05683931911615e-34	0.0107588351642724	0.989231817313126	0.989241064266333
rs1794519	CYP21A1P	ENSG00000204338.8_Esophagus_Mucosa	DBP	1.05293013172223e-39	6.24821877670319e-08	1.96770073430632e-34	0.0106872690006917	0.989312668517116	0.989312730331544
rs1794519	CYP21A1P	ENSG00000204338.8_Esophagus_Muscularis	DBP	1.18013067948291e-40	7.58075060065627e-09	2.08302259136696e-34	0.0123930084302335	0.987606983989013	0.987606991475818
rs1794519	CYP21A1P	ENSG00000204338.8_Heart_Atrial_Appendage	DBP	4.75623209345258e-36	0.00030903199275673	1.67863219713715e-34	0.00991699093250595	0.989773977074744	0.990079943452651
rs1794519	CYP21A1P	ENSG00000204338.8_Heart_Left_Ventricle	DBP	2.5321988578507e-37	1.58850536276268e-05	1.85281243281409e-34	0.010633759245639	0.98935035570073	0.989366071833842
rs1794519	CYP21A1P	ENSG00000204338.8_Lung	DBP	2.61411817100072e-38	1.63593244265223e-06	1.78387514656196e-34	0.0101737840826815	0.989824579984879	0.989826199273668
rs1794519	CYP21A1P	ENSG00000204338.8_Muscle_Skeletal	DBP	3.38334836437413e-38	2.04951488707605e-06	1.92883456456849e-34	0.0106949065882416	0.989303043896872	0.989305071492343
rs1794519	CYP21A1P	ENSG00000204338.8_Nerve_Tibial	DBP	8.14201021945491e-43	5.36056666321558e-11	1.67179042896268e-34	0.0100168121856552	0.989983187760746	0.989983187813808
rs1794519	CYP21A1P	ENSG00000204338.8_Skin_Not_Sun_Exposed_Suprapubic	DBP	1.14583373704021e-39	6.7786988134885e-08	2.61747328260066e-34	0.0144993489734991	0.985500583239508	0.985500650043634
rs1794519	CYP21A1P	ENSG00000204338.8_Skin_Sun_Exposed_Lower_leg	DBP	1.77506942434993e-39	1.09072680942252e-07	1.93419339042525e-34	0.0108959330812955	0.989103957846019	0.989104065730256
rs1794519	CYP21A1P	ENSG00000204338.8_Stomach	DBP	8.08916558505531e-35	0.00503653349828851	2.00349770179666e-34	0.0114908464957822	0.983472620005935	0.988450986510908
rs1794519	CYP21A1P	ENSG00000204338.8_Thyroid	DBP	5.91664576169765e-46	3.69100383473918e-14	1.67858753269562e-34	0.00948107811072958	0.99051892188924	0.99051892188927
rs1794519	CYP21A1P	ENSG00000204338.8_Whole_Blood	DBP	9.92865296044177e-38	6.25707605740993e-06	2.28323464155959e-34	0.0134024430092427	0.986591299914695	0.986597473130127
rs1794519	CYP21A2	ENSG00000231852.6_Adipose_Subcutaneous	DBP	8.60337407233406e-39	5.39686431639031e-07	1.96863027018379e-34	0.0113605049595733	0.988638955353992	0.988639488909313
rs1794519	CYP21A2	ENSG00000231852.6_Artery_Aorta	DBP	8.80162520777511e-36	0.00052859840877306	2.27200572400277e-34	0.0126581509699667	0.986813250621261	0.987335154412809
rs1794519	CYP21A2	ENSG00000231852.6_Artery_Tibial	DBP	7.66438518330255e-37	4.9538132062089e-05	2.02322280873462e-34	0.0120890751571987	0.98786138671074	0.987910325942931
rs1794519	CYP21A2	ENSG00000231852.6_Esophagus_Mucosa	DBP	2.68110767577167e-33	0.159100274723061	1.79367258420016e-34	0.00981278997752665	0.831086935299407	0.988330606274969
rs1794519	CYP21A2	ENSG00000231852.6_Lung	DBP	7.1881276468595e-34	0.0449837782770212	1.88216088643734e-34	0.01083450560786	0.944181716115118	0.98865516065443
rs1794519	CYP21A2	ENSG00000231852.6_Muscle_Skeletal	DBP	2.31998953991961e-34	0.0140536905687675	1.90615742983785e-34	0.0105714645841043	0.975374844847134	0.989277849632398
rs1794519	CYP21A2	ENSG00000231852.6_Nerve_Tibial	DBP	8.04612721270739e-33	0.529743885623844	9.51220508514558e-35	0.0057982227116172	0.464457891664533	0.987670074807407
rs1794519	CYP21A2	ENSG00000231852.6_Skin_Not_Sun_Exposed_Suprapubic	DBP	1.73245857736434e-37	1.02491439404926e-05	2.413765592177e-34	0.0132930276615968	0.986696723194463	0.986706836094853
rs1794519	CYP21A2	ENSG00000231852.6_Skin_Sun_Exposed_Lower_leg	DBP	2.59900486603182e-42	1.59701037396814e-10	1.93417376581489e-34	0.0108958122642333	0.989104187576068	0.989104187734027
rs1794519	CYP21A2	ENSG00000231852.6_Whole_Blood	DBP	1.8436251909627e-37	1.16185983004659e-05	1.88703950008223e-34	0.0109031117104983	0.989085269691198	0.989096761609155
rs1794519	DDAH2	ENSG00000213722.8_Muscle_Skeletal	DBP	2.15361746712901e-33	0.130458663566098	1.9147744498378e-34	0.0107402372429971	0.858801099190908	0.987648387956984
rs1794519	ENSG00000248290	ENSG00000248290.1_Artery_Tibial	DBP	6.80323158378925e-33	0.439721356099051	1.12693314282884e-34	0.00673029262480397	0.553548351276138	0.987987597424838
rs1794519	ENSG00000248290	ENSG00000248290.1_Esophagus_Muscularis	DBP	1.2873946729053e-32	0.826977733024005	3.52348356977573e-35	0.0020924339327122	0.170929833043277	0.987906562725811
rs1794519	ENSG00000248290	ENSG00000248290.1_Nerve_Tibial	DBP	1.23132748423337e-33	0.0810685922219882	1.75177020182198e-34	0.0106250628014576	0.908306344976557	0.988437588799855
rs1794519	ENSG00000250535	ENSG00000250535.1_Adipose_Visceral_Omentum	DBP	2.56188234720396e-33	0.153176650681982	1.99661751981833e-34	0.0111021878808157	0.835721161437207	0.98688960585492
rs1794519	ENSG00000250535	ENSG00000250535.1_Esophagus_Muscularis	DBP	1.25609563097297e-32	0.806872312916423	3.90305074173315e-35	0.0023163732521821	0.1908113138314	0.988006001173826
rs1794519	ENSG00000250535	ENSG00000250535.1_Thyroid	DBP	8.46140961125929e-33	0.527851363430214	8.89677698269302e-35	0.00508304494101821	0.467065591628775	0.989234227217202
rs1794519	HLA-DMA	ENSG00000204257.14_Artery_Aorta	DBP	2.92652474194622e-34	0.0175758031648661	2.01861705651574e-34	0.0111519179138832	0.971272278921245	0.988648571615185
rs1794519	HLA-DMA	ENSG00000204257.14_Artery_Tibial	DBP	7.95740509099124e-36	0.00051432042471958	2.20201715279771e-34	0.0132463199271591	0.98623935964812	0.986746863714158
rs1794519	HLA-DMA	ENSG00000204257.14_Colon_Transverse	DBP	6.48016256190275e-34	0.0390043773531618	1.98777283168691e-34	0.0110145091101027	0.949981113536732	0.988538439873674
