SNP	Gene	GeneID-Tissue	Trait	PP.H0.abf	PP.H1.abf	PP.H2.abf	PP.H3.abf	PP.H4.abf	cond.PP.H4.abf
rs10057188	SCAMP1	ENSG00000085365.17_Whole_Blood	PP	1.47674184799356e-13	0.0692910034664248	1.7976151387041e-13	0.0834996634642856	0.847209333068963	0.910283811830218
rs10260816	ENSG00000272556	ENSG00000272556.2_Thyroid	PP	2.45469306453021e-85	0.843822882053661	5.92286057597704e-88	0.00188174137011142	0.154295376576217	0.987951235143434
rs10260816	IGFBP3	ENSG00000146674.14_Artery_Aorta	PP	1.86213781928127e-86	0.0638611863040523	3.36072751723827e-87	0.0105999262996188	0.925538887396334	0.988676971679265
rs10260816	IGFBP3	ENSG00000146674.14_Heart_Left_Ventricle	PP	6.68511547512435e-89	0.0002310731795711	3.30001352879894e-87	0.010417251869366	0.989351674951068	0.989580340426766
rs10260816	IGFBP3	ENSG00000146674.14_Lung	PP	1.96243143279354e-86	0.0676357263647278	3.00823131387409e-87	0.00944503076990812	0.922919242865363	0.989869806215244
rs10260816	IGFBP3	ENSG00000146674.14_Muscle_Skeletal	PP	4.74266807812296e-87	0.0163576777407902	9.57594786222109e-88	0.00232146708217355	0.981320855177047	0.997639927614296
rs10260816	IGFBP3	ENSG00000146674.14_Thyroid	PP	2.60607515800407e-86	0.0895861842138828	1.87165895780655e-87	0.0055291117854959	0.90488470400063	0.993926814719171
rs10260816	SEPTIN7P2	ENSG00000214765.8_Muscle_Skeletal	PP	1.5784068855773e-87	0.0054439970819835	6.88890875124283e-87	0.0227883917510997	0.971767611166915	0.977086869231859
rs11222084	ADAMTS8	ENSG00000134917.9_Adipose_Visceral_Omentum	PP	1.36631788024139e-113	0.0102701396866552	3.26100677927708e-114	0.00146291924529645	0.988266941068064	0.998521900466019
rs11222084	ADAMTS8	ENSG00000134917.9_Artery_Aorta	PP	3.96568428002375e-112	0.301809723602909	3.83223358816368e-114	0.00222056443032895	0.695969711966764	0.996819542601212
rs11222084	ADAMTS8	ENSG00000134917.9_Artery_Tibial	PP	4.74436660931011e-112	0.359133485259914	9.77719724737312e-115	9.93356022602771e-05	0.640767179137837	0.999844997983237
rs11222084	ZBTB44-DT	ENSG00000175773.12_Skin_Not_Sun_Exposed_Suprapubic	PP	1.26714548414196e-111	0.947031183091028	1.41166860144416e-115	5.25881669638498e-05	0.0529162287420147	0.999007186302571
rs11690961	EPAS1	ENSG00000116016.13_Artery_Aorta	PP	1.8353421099672e-15	0.145941534266998	1.07405302706086e-17	0	0.854058465732999	1
rs1250259	ATIC	ENSG00000138363.14_Muscle_Skeletal	PP	7.17505165498939e-28	0.016422987125066	2.76481732037244e-28	0.00535016790938603	0.978226844965546	0.99456049923966
rs1250259	ATIC	ENSG00000138363.14_Skin_Not_Sun_Exposed_Suprapubic	PP	2.16522142401191e-27	0.0493702749701311	6.94039326965084e-28	0.0148893905423639	0.935740334487504	0.984337339607284
rs12628032	ARVCF	ENSG00000099889.13_Artery_Aorta	PP	6.15963522318337e-37	2.48621186745496e-16	4.51245034887088e-23	0.0172308217279535	0.98276917827205	0.982769178272047
rs12628032	ARVCF	ENSG00000099889.13_Artery_Coronary	PP	1.40993530785584e-22	0.056993293245648	5.34677748228588e-23	0.0206907648334354	0.922315941920915	0.978058729927119
rs12628032	ARVCF	ENSG00000099889.13_Artery_Tibial	PP	1.90841396995601e-31	7.72488871316275e-11	4.70231514304305e-23	0.0180521095762652	0.98194789034648	0.98194789042234
rs12628032	ARVCF	ENSG00000099889.13_Brain_Cerebellum	PP	2.37663000695272e-23	0.00956617821054514	6.44250042513876e-23	0.0249662538224447	0.965467567967012	0.974792607771272
rs12628032	ARVCF	ENSG00000099889.13_Colon_Sigmoid	PP	3.1428449529461e-22	0.128429701720382	4.76047362976706e-22	0.193855014606683	0.677715283672936	0.77757959973013
rs12628032	ARVCF	ENSG00000099889.13_Colon_Transverse	PP	9.43666313712822e-25	0.00038381497357011	1.67647510511185e-22	0.0672544792155113	0.932361705810916	0.932719697597
rs12628032	ARVCF	ENSG00000099889.13_Esophagus_Gastroesophageal_Junction	PP	2.80933572075805e-23	0.011463422921369	2.05570405343994e-21	0.838674946370386	0.149861630708244	0.151599479658226
rs12628032	ARVCF	ENSG00000099889.13_Esophagus_Mucosa	PP	6.79935276289528e-28	2.74761524429245e-07	1.4020579088471e-22	0.0557128070445071	0.944286918193968	0.944287177647753
rs12628032	ARVCF	ENSG00000099889.13_Esophagus_Muscularis	PP	1.32398264096956e-27	5.3366240706089e-07	2.47439770821813e-21	0.997361675102332	0.00263779123525998	0.00263779264295075
rs12628032	ARVCF	ENSG00000099889.13_Lung	PP	2.50213449722902e-23	0.0102436336349079	9.1653451394676e-23	0.0365693513817995	0.953187014983292	0.963052168569421
rs12628032	ARVCF	ENSG00000099889.13_Nerve_Tibial	PP	8.82250064806921e-37	3.73517555553745e-16	2.89557222680947e-23	0.0112702328924631	0.98872976710753	0.988729767107537
rs12628032	ARVCF	ENSG00000099889.13_Pancreas	PP	1.69172330971768e-23	0.00699015956752978	2.87633216898368e-23	0.0109028275475844	0.982107012884889	0.98902042346042
rs12628032	ARVCF	ENSG00000099889.13_Skin_Not_Sun_Exposed_Suprapubic	PP	3.02004720632668e-23	0.0124712990958255	1.44486635935387e-21	0.596266978693702	0.391261722210474	0.39620288691583
rs12628032	ARVCF	ENSG00000099889.13_Spleen	PP	1.0244016042684e-21	0.420111593639037	2.62634295896951e-22	0.107234823771797	0.472653582589165	0.815076793059652
rs12628032	ARVCF	ENSG00000099889.13_Stomach	PP	1.24116606323851e-24	0.00050053747025583	5.73021875495961e-23	0.0221314591275638	0.97736800340218	0.977857457700329
rs12628032	ARVCF	ENSG00000099889.13_Thyroid	PP	1.0841206093785e-43	4.40486217188808e-23	4.98456878259443e-23	0.0192719433561904	0.980728056643807	0.98072805664381
rs12628032	COMT	ENSG00000093010.13_Esophagus_Mucosa	PP	1.08613864123048e-24	0.00043890811259941	7.26478499336854e-23	0.028385786585563	0.971175305301836	0.971601749191774
rs12628032	TANGO2	ENSG00000183597.15_Brain_Cerebellar_Hemisphere	PP	8.10871606492566e-23	0.0340823289143067	7.00814012900091e-23	0.0285190202250356	0.937398650860655	0.970474688393494
rs1322639	LINC01615	ENSG00000223485.2_Adipose_Subcutaneous	PP	9.94140332740558e-28	0.042012510499849	4.93747932878465e-29	0.0011297279579156	0.956857761542239	0.998820727858873
rs1322639	LINC01615	ENSG00000223485.2_Artery_Aorta	PP	7.07510584618222e-28	0.0296316572057557	3.96280095728685e-29	0.00069000509451814	0.969678337699723	0.999288924561851
rs1322639	LINC01615	ENSG00000223485.2_Artery_Tibial	PP	3.71628865598786e-30	0.00015428837204288	2.99800455016566e-29	0.00024507458665785	0.9996006370413	0.999754887595348
rs1322639	LINC01615	ENSG00000223485.2_Esophagus_Mucosa	PP	1.29287574619509e-27	0.0529261678079625	3.97154264630098e-29	0.00067942720372555	0.946394404988311	0.999282603762631
rs1322639	LINC01615	ENSG00000223485.2_Skin_Not_Sun_Exposed_Suprapubic	PP	3.59955587263006e-28	0.0145100871792486	4.18849441377621e-29	0.00070362809872475	0.984786284722027	0.999286011871283
rs1322639	LINC01615	ENSG00000223485.2_Skin_Sun_Exposed_Lower_leg	PP	1.53965846599599e-27	0.0633518201012774	5.6308808388633e-29	0.00138165347755279	0.935266526421173	0.998524895999155
rs1322639	LINC02544	ENSG00000261039.2_Adipose_Subcutaneous	PP	4.85740256996611e-27	0.205274516838209	5.278375033925e-29	0.00143736060208857	0.793288122559702	0.998191374716751
rs1322639	LINC02544	ENSG00000261039.2_Adipose_Visceral_Omentum	PP	1.95494884556221e-28	0.008005654493893	7.20751202570085e-29	0.00196149455956973	0.990032850946534	0.998022675664982
rs1322639	LINC02544	ENSG00000261039.2_Artery_Aorta	PP	4.78484546347942e-32	2.0039686138808e-06	3.62736234814947e-29	0.00051971818363599	0.999478277847749	0.999480280774863
rs1322639	LINC02544	ENSG00000261039.2_Artery_Coronary	PP	8.63970177212101e-27	0.353095774965579	2.81116157310582e-29	0.00050249124931791	0.646401733785102	0.999223237026638
rs1322639	LINC02544	ENSG00000261039.2_Artery_Tibial	PP	1.8531096334847e-35	7.69351616717583e-10	4.49537886369953e-29	0.00086720416311967	0.99913279506753	0.999132795836213
rs1322639	LINC02544	ENSG00000261039.2_Breast_Mammary_Tissue	PP	4.37820931030847e-28	0.0176274042281393	3.93532271109883e-29	0.00060265691879822	0.981769938853065	0.999386529183131
rs1322639	LINC02544	ENSG00000261039.2_Heart_Atrial_Appendage	PP	5.47299232044766e-30	0.00022811749479305	3.2449830032597e-29	0.00035310896633033	0.999418773538878	0.999646810464958
rs1322639	LINC02544	ENSG00000261039.2_Lung	PP	2.59950024862442e-28	0.0104157420591695	4.19992739942502e-29	0.000693947014548	0.988890310926285	0.999298748935243
rs1322639	LINC02544	ENSG00000261039.2_Skin_Not_Sun_Exposed_Suprapubic	PP	1.33798055210987e-28	0.00539350273817758	3.52733641155958e-29	0.00042771771694904	0.994178779544875	0.999569962876649
rs1322639	LINC02544	ENSG00000261039.2_Skin_Sun_Exposed_Lower_leg	PP	8.84721156491656e-30	0.00036403330208427	4.39015974905783e-29	0.00080757619064291	0.998828390507273	0.999192129717671
rs1322639	LINC02544	ENSG00000261039.2_Thyroid	PP	2.89647425250826e-33	1.18114962127687e-07	4.34230817358035e-29	0.0007715160660538	0.999228365818988	0.999228483842819
rs1322639	THBS2	ENSG00000186340.14_Artery_Aorta	PP	1.05612281641152e-27	0.0442320863368715	3.8632684031666e-29	0.00066289261043478	0.955105021052692	0.999306429310967
rs1322639	THBS2	ENSG00000186340.14_Artery_Tibial	PP	3.94957128469477e-30	0.00016397351771936	3.70327486298764e-29	0.000538182967932	0.999297843514352	0.999461728769841
rs1322639	THBS2	ENSG00000186340.14_Lung	PP	6.73900689382447e-27	0.270020199375568	3.19596471218704e-29	0.00055113840408261	0.729428662220348	0.999244994993545
rs139236208	CEP83	ENSG00000173588.14_Colon_Transverse	PP	4.4063885316135e-16	0.645398681744522	4.46800957911658e-18	0.00619583697872213	0.348405481276756	0.982527315439199
rs139236208	CEP83	ENSG00000173588.14_Esophagus_Gastroesophageal_Junction	PP	6.94413590521724e-17	0.105599601109472	1.10302913457834e-17	0.0158952790072514	0.878505119883273	0.982228005458216
rs139236208	CEP83	ENSG00000173588.14_Esophagus_Muscularis	PP	6.93975057472439e-19	0.00090801022727452	1.49184903270414e-17	0.0185390849360197	0.980552904836705	0.98144406608621
rs139236208	CEP83	ENSG00000173588.14_Muscle_Skeletal	PP	4.72004740649074e-16	0.625932128562374	5.77265150015612e-18	0.00728841492982974	0.366779456507793	0.98051579543087
rs139236208	CEP83	ENSG00000173588.14_Spleen	PP	4.90624934138944e-16	0.784089904167148	2.4850257226765e-18	0.00375928122066734	0.212150814612187	0.982588673280116
rs139236208	CEP83	ENSG00000173588.14_Stomach	PP	2.16541041035661e-16	0.336554463604801	7.49171431591397e-18	0.0109913888903496	0.652454147504846	0.983432869335333
rs139236208	CEP83	ENSG00000173588.14_Thyroid	PP	9.61677847813468e-19	0.00130891797822673	1.45885565361006e-17	0.018876339758847	0.979814742262927	0.981098920278097
rs139236208	ENSG00000258365	ENSG00000258365.1_Adipose_Subcutaneous	PP	1.98455138220126e-16	0.253831760984929	1.07356213726558e-17	0.0129981028493998	0.73317013616567	0.982580198178152
rs139236208	ENSG00000258365	ENSG00000258365.1_Artery_Aorta	PP	4.74087308160309e-16	0.601095085297731	5.94195591656493e-18	0.0071420403661742	0.391762874336095	0.982095882745629
rs139236208	ENSG00000258365	ENSG00000258365.1_Artery_Tibial	PP	8.04004980039115e-17	0.106658541296102	1.53492350018424e-17	0.0194882970233584	0.87385316168054	0.978184940558302
rs139236208	ENSG00000258365	ENSG00000258365.1_Colon_Sigmoid	PP	3.53996743968122e-16	0.457561033827252	8.44190242108496e-18	0.0103795822203225	0.532059383952422	0.980864976766774
rs139236208	ENSG00000258365	ENSG00000258365.1_Heart_Atrial_Appendage	PP	8.94427501977108e-17	0.112019032350564	1.27430472702058e-17	0.0150866308483097	0.872894336801126	0.983010186706765
rs139236208	ENSG00000258365	ENSG00000258365.1_Pancreas	PP	3.15227377951731e-16	0.444254533192871	7.44043344219245e-18	0.0099401058155433	0.545805360991585	0.982113923712862
rs139236208	ENSG00000258365	ENSG00000258365.1_Skin_Not_Sun_Exposed_Suprapubic	PP	4.38867465141108e-18	0.00591303514867974	1.22854346810568e-17	0.0155741398220612	0.978512825029258	0.984333221968773
rs139236208	ENSG00000258365	ENSG00000258365.1_Skin_Sun_Exposed_Lower_leg	PP	2.32283480031062e-16	0.316965109726885	1.04827347327107e-17	0.0136349369902964	0.669399953282815	0.980037715225873
rs139236208	ENSG00000258365	ENSG00000258365.1_Thyroid	PP	4.190602944294e-16	0.570373493147178	6.39721127257608e-18	0.00828575889484637	0.421340747957978	0.980714041702076
rs140091914	AIF1	ENSG00000204472.12_Whole_Blood	PP	1.80278019605339e-25	0.780687020673225	5.96883071275935e-28	0.00236783400648539	0.216945145320289	0.989203402307725
rs140091914	BAG6	ENSG00000204463.12_Artery_Tibial	PP	3.65302600740468e-26	0.153067017495345	3.22336055306168e-27	0.0126720811057261	0.834260901398926	0.985037681413409
rs140091914	BAG6	ENSG00000204463.12_Skin_Sun_Exposed_Lower_leg	PP	1.9339593497944e-26	0.0766186322703923	1.78609339390194e-27	0.00615883275866795	0.917222534970941	0.993330131001223
rs140091914	C4A	ENSG00000244731.7_Adipose_Visceral_Omentum	PP	3.50832243154335e-26	0.146193234359669	2.47532750753368e-27	0.00947045491747718	0.844336310722855	0.988907964543506
rs140091914	C4A	ENSG00000244731.7_Artery_Tibial	PP	1.78716086092619e-25	0.748845976491517	7.45571978056296e-28	0.00287577503715697	0.248278248471326	0.988549755257814
rs140091914	C4A	ENSG00000244731.7_Nerve_Tibial	PP	1.59216054346142e-25	0.662068095719049	1.2885553745449e-27	0.00502529301600868	0.332906611264941	0.985129273228281
rs140091914	C4A	ENSG00000244731.7_Thyroid	PP	9.55781424102593e-26	0.400231168100067	1.5896723231785e-27	0.00606300872219502	0.593705823177738	0.989891090700748
rs140091914	CLIC1	ENSG00000213719.8_Esophagus_Mucosa	PP	3.94900195748015e-26	0.165643101324783	4.21743989904586e-27	0.0168728040351385	0.817484094640079	0.979777474049859
rs140091914	CSNK2B	ENSG00000204435.13_Esophagus_Mucosa	PP	1.16712001651497e-27	0.00489555035007202	2.22768608013133e-27	0.00835740712767372	0.986747042522254	0.991601477482476
rs140091914	CSNK2B	ENSG00000204435.13_Heart_Left_Ventricle	PP	9.91537654191537e-26	0.424089650849378	1.46413918534785e-27	0.00569203782472915	0.570218311325894	0.990116451574235
rs140091914	CSNK2B	ENSG00000204435.13_Muscle_Skeletal	PP	3.33324128885065e-26	0.136991601466944	2.23117700423042e-27	0.00831513527535185	0.854693263257708	0.990364942809959
rs140091914	DDAH2	ENSG00000213722.8_Esophagus_Mucosa	PP	6.30779779195553e-26	0.26458411518637	3.36217524141861e-27	0.0133807974810602	0.722035087332569	0.981805128557359
rs140091914	EHMT2	ENSG00000204371.11_Skin_Not_Sun_Exposed_Suprapubic	PP	1.94363537590011e-25	0.79422761601115	9.78515939675001e-28	0.00379653329167257	0.201975850697179	0.981549840566175
rs140091914	ENSG00000204528	ENSG00000204528.3_Artery_Aorta	PP	1.66032883243298e-25	0.71181795948464	6.50446434909184e-28	0.00250292181990686	0.285679118695454	0.991314789029077
rs140091914	ENSG00000248290	ENSG00000248290.1_Adipose_Subcutaneous	PP	1.52375002685646e-25	0.622863125311709	1.47172146493651e-27	0.00564446174674319	0.371492412941546	0.985033386747428
rs140091914	ENSG00000248290	ENSG00000248290.1_Colon_Transverse	PP	9.44772539760656e-26	0.396755844285285	2.06546971560162e-27	0.00807874440688836	0.595165411307829	0.986607836428491
rs140091914	ENSG00000248290	ENSG00000248290.1_Esophagus_Muscularis	PP	5.09297186079125e-26	0.202831558297063	3.48911450255768e-27	0.0131116125555389	0.784056829147397	0.983552268417037
rs140091914	ENSG00000248290	ENSG00000248290.1_Nerve_Tibial	PP	1.30278846005814e-25	0.541738506470118	1.35959043406748e-27	0.00520052373519966	0.453060969794682	0.988651623999343
rs140091914	ENSG00000255552	ENSG00000255552.7_Esophagus_Mucosa	PP	1.27894219822329e-27	0.0053645947611538	2.81792574476691e-27	0.0108361482814831	0.983799256957364	0.989105406640053
rs140091914	GPANK1	ENSG00000204438.10_Muscle_Skeletal	PP	2.09055873862647e-27	0.00859190693824346	4.01988767875266e-27	0.0155453189558687	0.975862774105886	0.984319959596194
rs140091914	GPANK1	ENSG00000204438.10_Skin_Not_Sun_Exposed_Suprapubic	PP	1.35246479822121e-26	0.055265761559458	2.7915730041309e-27	0.0104729419242278	0.934261296516312	0.988914404180465
rs140091914	HLA-DQA1	ENSG00000196735.11_Muscle_Skeletal	PP	1.41078275460412e-25	0.579812177179065	8.86498522239578e-28	0.00322642477582395	0.416961398045115	0.992321470065069
rs140091914	HLA-DQB2	ENSG00000232629.8_Artery_Tibial	PP	2.20035238427624e-26	0.0906562656255884	2.22865805203228e-27	0.00828118561282554	0.901062548761585	0.99089322849019
rs140091914	HLA-DRB5	ENSG00000198502.5_Lung	PP	3.01281938202941e-26	0.121932402771788	5.0029279750421e-27	0.0193887688789267	0.858678828349288	0.977918819758147
rs140091914	HSPA1B	ENSG00000204388.6_Whole_Blood	PP	1.78156224793911e-25	0.77149866996114	5.64682604222966e-28	0.00221905399335607	0.226282276045504	0.99028866049498
rs140091914	LY6G5B	ENSG00000240053.8_Adipose_Subcutaneous	PP	7.49789915616641e-27	0.0306491538596821	6.41460766754743e-27	0.0252769105371566	0.944073935603163	0.973923878399857
rs140091914	LY6G5B	ENSG00000240053.8_Adipose_Visceral_Omentum	PP	7.74826690715433e-26	0.322873459307608	3.10013340032839e-27	0.0122535099738068	0.664873030718587	0.981903663145035
rs140091914	LY6G5B	ENSG00000240053.8_Artery_Tibial	PP	1.08062657381472e-26	0.0452797999096504	7.57892432986521e-27	0.0308328902396079	0.923887309850742	0.96770478907151
rs140091914	LY6G5B	ENSG00000240053.8_Breast_Mammary_Tissue	PP	3.04855330633502e-26	0.12029253500475	5.94146369879484e-27	0.0225872370835227	0.857120227911727	0.974324149808545
rs140091914	LY6G5B	ENSG00000240053.8_Colon_Transverse	PP	1.3400074567645e-25	0.56273416878931	1.45881377703543e-27	0.00569469595448506	0.431571135256202	0.986976581411089
rs140091914	LY6G5B	ENSG00000240053.8_Esophagus_Gastroesophageal_Junction	PP	8.8101419739532e-26	0.364307574508757	2.21023612686331e-27	0.00851235212543131	0.627180073365815	0.98660932271003
rs140091914	LY6G5B	ENSG00000240053.8_Esophagus_Mucosa	PP	1.87943258458095e-25	0.788338535642279	6.65112718488642e-28	0.00258077189832824	0.209080692459394	0.987807077182616
rs140091914	LY6G5B	ENSG00000240053.8_Esophagus_Muscularis	PP	2.76105339891238e-28	0.00109961095162186	6.35748194074931e-27	0.0243446096142518	0.974555779434129	0.975628591317855
rs140091914	LY6G5B	ENSG00000240053.8_Heart_Left_Ventricle	PP	4.99971694725306e-27	0.0213842430042166	4.79772118064318e-27	0.0195612342607568	0.959054522735025	0.980011323013225
rs140091914	LY6G5B	ENSG00000240053.8_Lung	PP	2.51929578867502e-26	0.101958912850287	6.33596329428542e-27	0.0247691290751296	0.873271958074583	0.972418712874548
rs140091914	LY6G5B	ENSG00000240053.8_Nerve_Tibial	PP	7.08380970935941e-26	0.294566048880694	1.9898789648457e-27	0.00757665611620499	0.6978572950031	0.989259581135579
rs140091914	LY6G5B	ENSG00000240053.8_Skin_Not_Sun_Exposed_Suprapubic	PP	1.86731198817858e-25	0.763039594313461	6.18400939292574e-28	0.00229230331337371	0.234668102373164	0.990326217974128
rs140091914	LY6G5B	ENSG00000240053.8_Skin_Sun_Exposed_Lower_leg	PP	4.75624471828935e-26	0.188430519543933	2.25206807325737e-27	0.00811867962404682	0.803450800832018	0.989996322163958
rs140091914	LY6G5B	ENSG00000240053.8_Thyroid	PP	7.77725521903128e-29	0.0003256706881333	5.48542101263627e-27	0.02199238635974	0.977681942952129	0.978000449031358
rs140091914	LY6G5B	ENSG00000240053.8_Whole_Blood	PP	5.78486729415232e-26	0.250511450189461	3.00055267667359e-27	0.0122565457990368	0.737232004011502	0.983646787129523
rs140091914	LY6G5C	ENSG00000204428.12_Adipose_Subcutaneous	PP	1.53835601440043e-28	0.00062883361318016	4.10641421088624e-27	0.0158022157524752	0.983568950634345	0.984187841030468
rs140091914	LY6G5C	ENSG00000204428.12_Adipose_Visceral_Omentum	PP	1.22451370405986e-26	0.0510259881773463	3.49858051695787e-27	0.0136433978644499	0.935330613958203	0.985623001584368
rs140091914	LY6G5C	ENSG00000204428.12_Breast_Mammary_Tissue	PP	2.96218572852888e-28	0.00116884566098669	2.40896901453723e-27	0.00851520881943696	0.990315945519577	0.991474826568589
rs140091914	LY6G5C	ENSG00000204428.12_Esophagus_Muscularis	PP	6.25379835833544e-27	0.0249062374772227	2.86819445226263e-27	0.0104581714880729	0.964635591034704	0.989274701685082
rs140091914	LY6G5C	ENSG00000204428.12_Lung	PP	1.03667631546773e-27	0.00419555300246507	1.17232335428564e-26	0.0464960194491078	0.949308427548429	0.953308082134702
rs140091914	LY6G5C	ENSG00000204428.12_Muscle_Skeletal	PP	4.2777566875257e-27	0.0175809876491762	8.13659331087489e-27	0.0324903431728377	0.949928669177983	0.966928222312095
rs140091914	LY6G5C	ENSG00000204428.12_Skin_Not_Sun_Exposed_Suprapubic	PP	1.19277626038689e-25	0.487404097223256	1.76585198563776e-27	0.00670991400216835	0.505885988774578	0.98690993438336
rs140091914	LY6G5C	ENSG00000204428.12_Skin_Sun_Exposed_Lower_leg	PP	1.92947320636336e-28	0.00076440902488278	8.34320873967469e-27	0.0320865572113139	0.967149033763805	0.967888896771579
rs140091914	LY6G5C	ENSG00000204428.12_Thyroid	PP	1.05864934315914e-30	4.43306861313799e-06	4.79069135281106e-27	0.0190799890158595	0.980915577915524	0.980919926400865
rs140091914	LY6G5C	ENSG00000204428.12_Whole_Blood	PP	9.43342253410248e-30	4.08510729650928e-05	7.1753148223928e-27	0.0301025679072755	0.969856581019759	0.969896202320289
rs140091914	LY6G6C	ENSG00000204421.2_Esophagus_Mucosa	PP	5.79711740338317e-35	2.43163339947543e-10	7.99328722040646e-27	0.0325608522847442	0.967439147472091	0.967439147707338
rs140091914	LY6G6D	ENSG00000244355.7_Esophagus_Mucosa	PP	1.10927516850626e-25	0.465291689171999	1.4077448395573e-27	0.00537553188329064	0.529332778944711	0.989946795711915
rs140091914	LY6G6F	ENSG00000204424.9_Esophagus_Mucosa	PP	1.17427546022036e-25	0.492556425990237	1.81587369082763e-27	0.00711645689569249	0.500327117114072	0.985975865573666
rs140091914	MPIG6B	ENSG00000204420.8_Esophagus_Mucosa	PP	1.14058147599039e-28	0.0004784232953817	7.6651711269663e-27	0.0311836521561568	0.968337924548464	0.96880142171721
rs140091914	MSH5	ENSG00000204410.14_Skin_Sun_Exposed_Lower_leg	PP	2.70528644563638e-27	0.0107176682584526	1.7074823693445e-27	0.00578111686144566	0.983501214880099	0.994156251783787
rs140091914	SNHG32	ENSG00000204387.12_Adipose_Subcutaneous	PP	1.25211364652608e-28	0.00051182635299414	2.1136277979112e-27	0.00764803380765229	0.991840139839353	0.992348049722544
rs140091914	SNHG32	ENSG00000204387.12_Adipose_Visceral_Omentum	PP	2.40225622117238e-26	0.10010300181541	1.93882369105809e-27	0.00718644727393732	0.892710550910651	0.992014144631625
rs140091914	SNHG32	ENSG00000204387.12_Artery_Tibial	PP	1.98311084100323e-26	0.0830951822351544	1.63821137052152e-27	0.00595338865509471	0.910951429109752	0.993507081062561
rs140091914	SNHG32	ENSG00000204387.12_Breast_Mammary_Tissue	PP	1.53365796773893e-27	0.00605164437788169	2.15745615982825e-27	0.00752666121899221	0.986421694403123	0.992427512781304
rs140091914	SNHG32	ENSG00000204387.12_Colon_Transverse	PP	1.95857280676798e-26	0.0822499781524441	2.33662388360302e-27	0.00890377152486099	0.908846250322692	0.99029826062337
rs140091914	SNHG32	ENSG00000204387.12_Esophagus_Gastroesophageal_Junction	PP	4.55314567097722e-26	0.18827681332296	1.56255867228871e-27	0.00565525768428445	0.806067928992754	0.993033021876047
rs140091914	SNHG32	ENSG00000204387.12_Esophagus_Mucosa	PP	5.8212126972045e-26	0.244174030557188	1.51969660942075e-27	0.00562425091957666	0.750201718523232	0.992558801699123
rs140091914	SNHG32	ENSG00000204387.12_Esophagus_Muscularis	PP	1.0349426693408e-28	0.00041217395286747	2.10386818010182e-27	0.00738661715267738	0.992201208894449	0.992610337020722
rs140091914	SNHG32	ENSG00000204387.12_Lung	PP	5.41525835715683e-29	0.00021916198065393	2.58820697816575e-27	0.0094844867572389	0.990296351262108	0.990513434148199
rs140091914	SNHG32	ENSG00000204387.12_Nerve_Tibial	PP	6.98019805490233e-30	2.90257565603526e-05	1.36210400830831e-27	0.00466873466081315	0.995302239582623	0.995331129821698
rs140091914	SNHG32	ENSG00000204387.12_Skin_Not_Sun_Exposed_Suprapubic	PP	4.34218905651691e-29	0.00017743484736842	6.54444750586451e-27	0.0257685181717703	0.974054046980864	0.974226908783724
rs140091914	SNHG32	ENSG00000204387.12_Skin_Sun_Exposed_Lower_leg	PP	8.56493032117335e-27	0.0339321116945544	1.63801543519968e-27	0.00552886843826436	0.96053901986718	0.994276935911862
rs140091914	SNHG32	ENSG00000204387.12_Stomach	PP	1.96881466902146e-26	0.08609804007122	2.03995405416904e-27	0.00801501600661242	0.905886943922168	0.991229895155015
rs140091914	SNHG32	ENSG00000204387.12_Thyroid	PP	8.57457020273028e-30	3.59058060938669e-05	2.95394993606786e-27	0.0113810110898694	0.988583083104035	0.98861858025108
rs140091914	SNHG32	ENSG00000204387.12_Whole_Blood	PP	1.64021708437912e-30	7.10289691258256e-06	1.01870688808738e-27	0.00341489294022218	0.996578004162861	0.996585082803973
rs140091914	VWA7	ENSG00000204396.10_Muscle_Skeletal	PP	8.94185244566938e-28	0.00367497753826199	2.1474200927471e-27	0.00783711131900348	0.988487911142732	0.992133981238733
rs140091914	ZBTB12	ENSG00000204366.3_Esophagus_Muscularis	PP	3.98308822523443e-26	0.158629580850162	1.77508261181846e-27	0.00623426815954562	0.835136150990289	0.992590340689841
rs1566497	CBR4	ENSG00000145439.11_Adipose_Visceral_Omentum	PP	6.61447797111843e-18	0.809930153085596	2.81104015646427e-20	0.00325525021052061	0.186814596703883	0.982873400155962
rs1566497	PALLD	ENSG00000129116.17_Skin_Not_Sun_Exposed_Suprapubic	PP	2.064291586016e-19	0.0253156560469815	2.05921988737386e-19	0.0243030774730726	0.950381266479945	0.97506569421798
rs1566497	PALLD	ENSG00000129116.17_Skin_Sun_Exposed_Lower_leg	PP	2.76126774351567e-19	0.0337944823953852	9.90063606673761e-20	0.0111621035756534	0.955043414028961	0.988447485165137
rs1566497	PALLD	ENSG00000129116.17_Spleen	PP	6.41068306051269e-18	0.780717642320231	2.89481347964277e-20	0.00330944229146296	0.215972915388306	0.984907849740033
rs2107595	ENSG00000232821	ENSG00000232821.1_Artery_Aorta	PP	5.74181415775954e-50	0.0523654440099665	1.55230215244732e-51	0.00046853621678694	0.947166019773251	0.999505572887961
rs2107595	TWIST1	ENSG00000122691.12_Artery_Aorta	PP	1.73148486196165e-50	0.0157911717624342	4.05260284595792e-51	0.00271448643350285	0.981494341804068	0.997241960897299
rs2118181	ENSG00000259488	ENSG00000259488.2_Artery_Tibial	PP	8.47194144598772e-42	0.655772072766153	1.78550114711833e-43	0.0134899641231467	0.330737963110697	0.960810953859701
rs2118181	ENSG00000259705	ENSG00000259705.1_Adipose_Subcutaneous	PP	2.08296223231773e-44	0.0016203802574649	3.73524907236267e-43	0.0280869978063975	0.970292621936138	0.97186741671105
rs2118181	ENSG00000259705	ENSG00000259705.1_Artery_Aorta	PP	1.27937019493193e-43	0.0100192978600462	4.72947280456846e-43	0.0360846381598696	0.95389606398008	0.963550160036586
rs2118181	ENSG00000259705	ENSG00000259705.1_Artery_Coronary	PP	6.45554022048692e-42	0.512298654522617	3.12008164763617e-43	0.0242969343908019	0.463404411086574	0.95018071076466
rs2118181	ENSG00000259705	ENSG00000259705.1_Colon_Sigmoid	PP	2.92227861660603e-42	0.224186166753309	3.64856751684641e-43	0.0272418585439463	0.748571974702748	0.964886088161199
rs2118181	ENSG00000259705	ENSG00000259705.1_Esophagus_Muscularis	PP	2.2560133827624e-43	0.0176779232402038	4.37891487456369e-43	0.0333638351218211	0.948958241637971	0.966035747428305
rs2118181	ENSG00000259705	ENSG00000259705.1_Heart_Atrial_Appendage	PP	2.36770379030186e-43	0.0180354218447295	4.037566172402e-43	0.0298030407998406	0.952161537355428	0.969649576509339
rs2118181	FBN1	ENSG00000166147.13_Whole_Blood	PP	1.2482175763549e-44	0.00097939582991905	5.48593058076842e-43	0.0420876262063429	0.956932977963733	0.957871112937349
rs2289081	GDF7	ENSG00000143869.6_Adipose_Subcutaneous	PP	8.14112486554604e-12	0.374060358966792	8.02010541099202e-14	0.00306212124701832	0.622877519777967	0.995107960821903
rs2289081	GDF7	ENSG00000143869.6_Artery_Aorta	PP	2.00371412449206e-11	0.911123308221655	9.61542083343682e-15	0.00034870174913464	0.0885279900091639	0.996076566957702
rs2289081	GDF7	ENSG00000143869.6_Artery_Tibial	PP	5.28625667250972e-12	0.245534162063201	7.45945244839181e-14	0.00271298698261023	0.751752850948828	0.996404095657865
rs2289081	GDF7	ENSG00000143869.6_Lung	PP	1.75669391692584e-11	0.80618176571516	1.79019926379779e-14	0.00062836816946259	0.193189866097793	0.996757951222504
rs2289081	GDF7	ENSG00000143869.6_Whole_Blood	PP	1.61308030223877e-11	0.745347118908643	2.74166488315461e-14	0.00101318627712419	0.253639694798074	0.996021304479862
rs2289081	LDAH	ENSG00000118961.14_Adipose_Subcutaneous	PP	9.91354507915077e-25	4.55497771153752e-14	4.1504170496309e-13	0.0180880140634377	0.981911985936102	0.981911985936554
rs2289081	LDAH	ENSG00000118961.14_Adipose_Visceral_Omentum	PP	5.25213413271794e-22	2.41765189633337e-11	3.34836436608463e-13	0.0144275515402516	0.98557244843524	0.985572448459395
rs2289081	LDAH	ENSG00000118961.14_Artery_Aorta	PP	3.54485279052119e-22	1.6119055918105e-11	1.12847626472047e-13	0.00413551136482209	0.995864488618944	0.995864488635111
rs2289081	LDAH	ENSG00000118961.14_Artery_Tibial	PP	3.58825767313685e-19	1.66666110940509e-08	2.10540278773629e-13	0.00878788758324701	0.991212095749934	0.991212112270287
rs2289081	LDAH	ENSG00000118961.14_Breast_Mammary_Tissue	PP	2.05421615101619e-14	0.00095683175898675	1.3223777469945e-13	0.00516561557114672	0.993877552669712	0.994829437070029
rs2289081	LDAH	ENSG00000118961.14_Colon_Transverse	PP	6.82939701779491e-17	3.16054048257807e-06	1.91173349247706e-13	0.00785506842795183	0.992141771031373	0.992144906745706
rs2289081	LDAH	ENSG00000118961.14_Esophagus_Gastroesophageal_Junction	PP	2.32452012459042e-17	1.09526127089675e-06	2.90591181316542e-13	0.0127047045566033	0.987294200181836	0.987295281528407
rs2289081	LDAH	ENSG00000118961.14_Esophagus_Mucosa	PP	6.63400696590489e-28	3.07514188426763e-17	4.11835227262871e-13	0.0181084072761472	0.981891592723441	0.981891592723845
rs2289081	LDAH	ENSG00000118961.14_Esophagus_Muscularis	PP	5.29497086236574e-27	2.47386050863771e-16	1.16799953591339e-13	0.00446146585948215	0.995538534140402	0.995538534140517
rs2289081	LDAH	ENSG00000118961.14_Heart_Atrial_Appendage	PP	3.66457999818916e-16	1.66072298776508e-05	1.18879835206491e-13	0.00439183278896754	0.995591559981033	0.995608094273644
rs2289081	LDAH	ENSG00000118961.14_Heart_Left_Ventricle	PP	1.9176666196146e-15	8.68359591370534e-05	3.52374585342987e-13	0.014971317067274	0.984941846973235	0.985027382771143
rs2289081	LDAH	ENSG00000118961.14_Lung	PP	2.82709838896357e-19	1.2974116601107e-08	3.35458215953083e-13	0.0144092537672551	0.985590733258296	0.985590746045793
rs2289081	LDAH	ENSG00000118961.14_Muscle_Skeletal	PP	2.37962630268271e-13	0.0109903438129954	2.14547432345018e-13	0.00892882815910573	0.980080828027445	0.990971950472624
rs2289081	LDAH	ENSG00000118961.14_Nerve_Tibial	PP	7.29097334529867e-24	3.34090117537779e-13	4.17219918441037e-13	0.0181361667766339	0.981863833222615	0.981863833223352
rs2289081	LDAH	ENSG00000118961.14_Skin_Not_Sun_Exposed_Suprapubic	PP	6.41835707626841e-16	2.95698066153156e-05	2.64018706609223e-13	0.0111747252779333	0.988795704915187	0.988824944277827
rs2289081	LDAH	ENSG00000118961.14_Skin_Sun_Exposed_Lower_leg	PP	1.62077028417637e-18	7.50624954637774e-08	3.81290303318447e-13	0.016675317053212	0.983324607883911	0.983324681695091
rs2289081	LDAH	ENSG00000118961.14_Stomach	PP	1.77414599267663e-18	8.32795182577217e-08	3.28201872910518e-13	0.0144204209010444	0.985579495819111	0.985579577898025
rs2289081	LDAH	ENSG00000118961.14_Thyroid	PP	3.81560866424622e-24	1.75138626278638e-13	3.90623644180499e-13	0.0169467961212868	0.983053203878147	0.983053203878704
rs2289081	LDAH	ENSG00000118961.14_Whole_Blood	PP	1.52382849496875e-14	0.00070410702855866	4.04808504312548e-14	0.00087205248968187	0.998423840481704	0.999127333059392
rs365990	CMTM5	ENSG00000166091.19_Heart_Atrial_Appendage	PP	1.11055672134172e-39	0.187339570363909	9.62534393188834e-42	0.00081184858105503	0.811848581055037	0.999000999000999
rs3774372	ULK4	ENSG00000168038.10_Adipose_Subcutaneous	PP	1.73121488974077e-91	3.47768345294415e-17	2.7324315710673e-75	0.548442292346142	0.451557707653851	0.451557707653854
rs3774372	ULK4	ENSG00000168038.10_Adipose_Visceral_Omentum	PP	3.5490587689346e-86	7.13082395171747e-12	1.56715323181977e-75	0.314189048244402	0.685810951748458	0.685810951753355
rs3774372	ULK4	ENSG00000168038.10_Artery_Aorta	PP	9.59259898318523e-100	2.03098422768798e-25	1.16408181491304e-75	0.245709865196926	0.75429013480306	0.75429013480307
rs3774372	ULK4	ENSG00000168038.10_Artery_Tibial	PP	2.56810339746085e-98	5.17440158268135e-24	1.23545109193877e-75	0.248175851106465	0.751824148893547	0.751824148893538
rs3774372	ULK4	ENSG00000168038.10_Breast_Mammary_Tissue	PP	1.11367694258203e-78	0.00022487532531936	1.34021542042388e-75	0.26988842921139	0.729886695463299	0.730050865889259
rs3774372	ULK4	ENSG00000168038.10_Colon_Transverse	PP	1.93499518722836e-89	3.94407544990865e-15	6.41863438580417e-76	0.129960147582059	0.870039852417945	0.870039852417942
rs3774372	ULK4	ENSG00000168038.10_Esophagus_Gastroesophageal_Junction	PP	1.3047782962882e-85	2.64301707564579e-11	7.48974084701456e-76	0.150866395440781	0.849133604532783	0.849133604555231
rs3774372	ULK4	ENSG00000168038.10_Esophagus_Mucosa	PP	4.24590403912094e-108	8.65276659315929e-34	1.23073551475041e-75	0.250062776604491	0.749937223395506	0.749937223395508
rs3774372	ULK4	ENSG00000168038.10_Esophagus_Muscularis	PP	7.92037931862913e-104	1.62750410714613e-29	1.00490349785702e-75	0.205696383793307	0.794303616206693	0.794303616206693
rs3774372	ULK4	ENSG00000168038.10_Heart_Left_Ventricle	PP	2.49965973811464e-82	5.18093325128379e-08	1.45231608447021e-75	0.300315392763909	0.699684555426763	0.699684591676952
rs3774372	ULK4	ENSG00000168038.10_Lung	PP	2.09871610693698e-84	4.24085389402012e-10	1.29470523118163e-75	0.260880625340935	0.739119374234987	0.739119374548431
rs3774372	ULK4	ENSG00000168038.10_Muscle_Skeletal	PP	9.54028038477017e-104	1.93272333242342e-29	1.14203346698869e-75	0.230590114052258	0.769409885947731	0.76940988594774
rs3774372	ULK4	ENSG00000168038.10_Nerve_Tibial	PP	1.65284251376146e-102	3.33224491373154e-28	6.21285729402651e-76	0.124379883328993	0.87562011667102	0.875620116671009
rs3774372	ULK4	ENSG00000168038.10_Skin_Not_Sun_Exposed_Suprapubic	PP	1.17441423428628e-89	2.38161769787244e-15	7.49669092064212e-76	0.151178046001419	0.848821953998586	0.848821953998582
rs3774372	ULK4	ENSG00000168038.10_Skin_Sun_Exposed_Lower_leg	PP	1.01576108841258e-101	2.00980952944059e-27	9.43308129666665e-76	0.185831065839072	0.814168934160918	0.814168934160926
rs3774372	ULK4	ENSG00000168038.10_Stomach	PP	5.88418962316731e-94	1.18625342274583e-19	7.47421955112664e-76	0.14983019729439	0.850169802705601	0.850169802705609
rs3774372	ULK4	ENSG00000168038.10_Thyroid	PP	3.461827141031e-118	6.86132042375124e-44	3.01869015347891e-75	0.597900460329729	0.402099539670256	0.402099539670262
rs3774372	ULK4	ENSG00000168038.10_Whole_Blood	PP	4.14100796252358e-99	8.34411406810446e-25	1.42579396234951e-75	0.286583482380599	0.713416517619391	0.713416517619398
rs3889199	HSD52	ENSG00000224609.6_Adipose_Subcutaneous	PP	1.43920460348012e-68	1.77937406960747e-21	1.15730190245975e-49	0.0133217320231291	0.986678267976876	0.986678267976871
rs3889199	HSD52	ENSG00000224609.6_Adipose_Visceral_Omentum	PP	5.70501187209494e-52	6.86120478978131e-05	1.41167138318843e-49	0.0159937070165379	0.983937680935568	0.984005195547173
rs3889199	HSD52	ENSG00000224609.6_Adrenal_Gland	PP	4.80234264280508e-48	0.595521235871179	8.10062054322163e-50	0.00965045983117168	0.394828304297651	0.976140997533067
rs3889199	HSD52	ENSG00000224609.6_Artery_Aorta	PP	1.32581559107019e-72	1.57363635930878e-25	1.21488345448851e-49	0.0134331215698143	0.986566878430197	0.986566878430186
rs3889199	HSD52	ENSG00000224609.6_Artery_Coronary	PP	3.99566887789311e-54	5.05506252896748e-07	1.16942317862598e-49	0.0138085968373455	0.986190897656406	0.986191396182319
rs3889199	HSD52	ENSG00000224609.6_Artery_Tibial	PP	7.5355342472994e-85	9.02260231790813e-38	1.13256008237937e-49	0.0125731766974214	0.987426823302581	0.987426823302579
rs3889199	HSD52	ENSG00000224609.6_Breast_Mammary_Tissue	PP	2.05216912836294e-52	2.47470957449287e-05	1.47695405170362e-49	0.0168274326154121	0.983147820288847	0.983172150944196
rs3889199	HSD52	ENSG00000224609.6_Esophagus_Gastroesophageal_Junction	PP	1.82024479629761e-51	0.00021780759970017	1.38194032321043e-49	0.0155518479533506	0.984230344446947	0.984444763998033
rs3889199	HSD52	ENSG00000224609.6_Esophagus_Muscularis	PP	4.84317381377292e-55	5.95897659428019e-08	1.25060096393038e-49	0.0144016294851386	0.985598310925094	0.985598369656672
rs3889199	HSD52	ENSG00000224609.6_Nerve_Tibial	PP	5.36706804945286e-72	6.65310477613712e-25	1.14057668251777e-49	0.0131519258412999	0.986848074158691	0.9868480741587
rs3889199	HSD52	ENSG00000224609.6_Skin_Sun_Exposed_Lower_leg	PP	3.49912420549481e-68	4.2194632864913e-21	1.28774498915154e-49	0.0145429791963376	0.985457020803661	0.985457020803662
rs42377	GATAD1	ENSG00000157259.6_Adipose_Subcutaneous	PP	3.29723509385322e-37	0.585125005627491	9.94435987515994e-40	0.00135119526468055	0.413523799107827	0.996743126765873
rs42377	GATAD1	ENSG00000157259.6_Breast_Mammary_Tissue	PP	4.94762264794512e-37	0.902044757752322	2.07593768510629e-40	0.00028080808957445	0.0976744341581061	0.997133302076224
rs42377	GATAD1	ENSG00000157259.6_Colon_Transverse	PP	3.00731826281084e-37	0.545582747505417	6.81390526584749e-40	0.00078253279943802	0.453634719695141	0.998277942144269
rs42377	GATAD1	ENSG00000157259.6_Esophagus_Mucosa	PP	2.23212753289179e-39	0.00400866813621966	1.22293716969774e-39	0.00120147769440341	0.994789854169375	0.99879368659549
rs42377	GATAD1	ENSG00000157259.6_Esophagus_Muscularis	PP	4.57431638157882e-37	0.825833931210009	3.452367079239e-40	0.00044956392420762	0.173716504865781	0.997418762866206
rs42377	GATAD1	ENSG00000157259.6_Lung	PP	6.76761911931604e-38	0.121480762065886	1.24200210852343e-39	0.0013522634939535	0.877166974440167	0.998460746861807
rs42377	GATAD1	ENSG00000157259.6_Nerve_Tibial	PP	1.33393706875488e-37	0.235997449161816	1.62535200786893e-39	0.00211365101005044	0.761888899828128	0.997233450323259
rs42377	GATAD1	ENSG00000157259.6_Skin_Not_Sun_Exposed_Suprapubic	PP	5.20214375683033e-39	0.00928220350137823	1.544169174e-39	0.00176631503626968	0.988951481462347	0.998217136057804
rs42377	GATAD1	ENSG00000157259.6_Skin_Sun_Exposed_Lower_leg	PP	2.42752755397132e-37	0.430644192132382	2.29218064947189e-39	0.00350048073730876	0.565855327130314	0.993851857329042
rs42377	GATAD1	ENSG00000157259.6_Stomach	PP	4.62802336479565e-37	0.831224566280078	3.62044070535882e-40	0.00048196237609776	0.168293471343823	0.997144357057926
rs42377	PEX1	ENSG00000127980.15_Muscle_Skeletal	PP	8.56891382645957e-38	0.152864187352072	1.7992092790883e-39	0.00236490852426407	0.844770904123661	0.997208347836373
rs4360494	EPHA10	ENSG00000183317.16_Nerve_Tibial	PP	1.95940799524395e-39	0.00109825331416105	6.19055995899438e-39	0.00247339672372396	0.996428349962109	0.997523883873534
rs4360494	FHL3	ENSG00000183386.9_Adipose_Subcutaneous	PP	3.20981820204155e-46	1.80023466679159e-10	3.65100933343883e-39	0.00104872655679457	0.998951273263183	0.998951273443017
rs4360494	FHL3	ENSG00000183386.9_Adipose_Visceral_Omentum	PP	7.80571936579736e-44	4.37163268677498e-08	1.49619839692448e-38	0.00738692190836894	0.992613034375297	0.992613077768702
rs4360494	FHL3	ENSG00000183386.9_Artery_Aorta	PP	7.02907946594271e-58	3.94060741889273e-22	7.97966905605142e-38	0.0437790010666885	0.956220998933302	0.956220998933311
rs4360494	FHL3	ENSG00000183386.9_Artery_Tibial	PP	1.37932555087469e-73	7.72493187645548e-38	2.33726728909917e-39	0.00030929908571798	0.999690700914296	0.999690700914282
rs4360494	FHL3	ENSG00000183386.9_Breast_Mammary_Tissue	PP	1.10235478728545e-41	6.17678320568642e-06	7.31475914375453e-39	0.00310175947330332	0.996892063743497	0.996898221367683
rs4360494	FHL3	ENSG00000183386.9_Colon_Transverse	PP	1.11352268645635e-38	0.00623745169910876	5.97850565273036e-39	0.00235748406890525	0.991405064231983	0.997627718942582
rs4360494	FHL3	ENSG00000183386.9_Esophagus_Gastroesophageal_Junction	PP	3.14631794786256e-40	0.00017629313786845	2.44249188380224e-38	0.0126985406039879	0.987125166258138	0.987299220335712
rs4360494	FHL3	ENSG00000183386.9_Esophagus_Mucosa	PP	1.95623601962312e-64	1.09678630279606e-28	7.8698668974223e-38	0.0431664835646193	0.956833516435377	0.956833516435381
