SNP	Gene	GeneID-Tissue	Trait	PP.H0.abf	PP.H1.abf	PP.H2.abf	PP.H3.abf	PP.H4.abf	cond.PP.H4.abf
rs10922502	GBP3	ENSG00000117226.11_Adipose_Subcutaneous	SBP	1.03528605348169e-16	0.127792570846122	3.18192140418719e-16	0.39228680805635	0.479920621097527	0.550236795807959
rs10922502	GBP3	ENSG00000117226.11_Artery_Tibial	SBP	5.30634179338005e-17	0.0656311440177611	3.85913028977523e-17	0.0468438775006274	0.887524978481611	0.949865754620659
rs10922502	GBP3	ENSG00000117226.11_Breast_Mammary_Tissue	SBP	3.40037627437512e-16	0.420829738171763	8.36250739538986e-17	0.103018035289754	0.476152226538481	0.822128237446856
rs10922502	GBP3	ENSG00000117226.11_Lung	SBP	5.40104910701074e-18	0.00666158479390987	2.60565787683029e-16	0.320705872753733	0.672632542452357	0.67714339056625
rs10922502	GBP3	ENSG00000117226.11_Nerve_Tibial	SBP	2.10304633115693e-17	0.0259935458818808	5.32917186850536e-16	0.658367298182002	0.315639155936115	0.324062694452985
rs10922502	GBP3	ENSG00000117226.11_Skin_Sun_Exposed_Lower_leg	SBP	1.22982567638498e-16	0.151877399288998	2.33241746948254e-16	0.287481400955771	0.560641199755231	0.661037919854077
rs10922502	GBP3	ENSG00000117226.11_Thyroid	SBP	6.45396539596309e-16	0.80062305353022	2.61312084500175e-17	0.0322489861930061	0.167127960276777	0.838251178162699
rs10922502	GBP3	ENSG00000117226.11_Whole_Blood	SBP	1.36071153231057e-17	0.0168094697815915	6.43221895666922e-16	0.794411601926225	0.188778928292184	0.192006454995298
rs10922502	KYAT3	ENSG00000137944.17_Adipose_Subcutaneous	SBP	1.04821183166578e-27	1.29388089706612e-12	7.11663448222047e-16	0.878334112780524	0.121665887218184	0.121665887218341
rs10922502	KYAT3	ENSG00000137944.17_Adipose_Visceral_Omentum	SBP	3.56241654497753e-29	4.40091215055163e-14	7.3457281189251e-16	0.907378577553535	0.0926214224464219	0.0926214224464259
rs10922502	KYAT3	ENSG00000137944.17_Artery_Aorta	SBP	1.45442314753376e-24	1.80041872246669e-09	7.23231933884419e-16	0.895178175191492	0.104821823008092	0.104821823196815
rs10922502	KYAT3	ENSG00000137944.17_Artery_Tibial	SBP	2.57929664557561e-34	3.19018631294143e-19	3.94671568701515e-16	0.487634602396291	0.512365397603714	0.512365397603711
rs10922502	KYAT3	ENSG00000137944.17_Breast_Mammary_Tissue	SBP	2.7573659274539e-19	0.00034125093450353	3.56147604094195e-16	0.440207955186812	0.559450793878688	0.559641772156422
rs10922502	KYAT3	ENSG00000137944.17_Colon_Transverse	SBP	7.0964576036044e-26	8.88141744158641e-11	7.22656004335128e-16	0.904328761299274	0.0956712386119109	0.095671238620408
rs10922502	KYAT3	ENSG00000137944.17_Esophagus_Gastroesophageal_Junction	SBP	5.79306658444526e-20	7.26409430636409e-05	7.1639971529935e-16	0.898212678418149	0.101714680638788	0.10172206982587
rs10922502	KYAT3	ENSG00000137944.17_Esophagus_Mucosa	SBP	6.70838416796611e-27	8.26949150568003e-12	7.30878277055465e-16	0.900861741808513	0.0991382581832146	0.0991382581840347
rs10922502	KYAT3	ENSG00000137944.17_Esophagus_Muscularis	SBP	1.59868969291832e-32	1.98705365626466e-17	7.35701368649374e-16	0.914337005124704	0.0856629948752965	0.0856629948752965
rs10922502	KYAT3	ENSG00000137944.17_Heart_Atrial_Appendage	SBP	2.37421664107431e-27	2.93525948715431e-12	7.27511906286232e-16	0.899327032154342	0.100672967842723	0.100672967843018
rs10922502	KYAT3	ENSG00000137944.17_Heart_Left_Ventricle	SBP	5.12745546752351e-17	0.0629735496139974	3.42706437120326e-17	0.0411941301528225	0.895832320233181	0.956037388127248
rs10922502	KYAT3	ENSG00000137944.17_Lung	SBP	1.15628304836019e-23	1.42614470259374e-08	6.14206757913152e-16	0.757312060747794	0.24268792499076	0.242687928451841
rs10922502	KYAT3	ENSG00000137944.17_Muscle_Skeletal	SBP	1.89761532132872e-30	2.35170307755406e-15	6.59627689178253e-16	0.8172898562108	0.182710143789196	0.182710143789197
rs10922502	KYAT3	ENSG00000137944.17_Nerve_Tibial	SBP	6.22396821170432e-36	7.69279311071116e-21	7.36286873796356e-16	0.909956794694058	0.090043205305945	0.0900432053059447
rs10922502	KYAT3	ENSG00000137944.17_Skin_Not_Sun_Exposed_Suprapubic	SBP	2.65378162400224e-18	0.00328251608292815	5.73832290028962e-16	0.709497527924971	0.287219955992098	0.288165865078771
rs10922502	KYAT3	ENSG00000137944.17_Skin_Sun_Exposed_Lower_leg	SBP	1.96511580994899e-25	2.42682100599856e-10	5.72543783800641e-16	0.706770076140452	0.293229923616867	0.293229923688028
rs10922502	KYAT3	ENSG00000137944.17_Stomach	SBP	1.69296770018098e-18	0.00210644317748972	4.78723602784962e-16	0.595240173637011	0.402653383185502	0.403503340043229
rs10922502	KYAT3	ENSG00000137944.17_Thyroid	SBP	1.35884980962154e-33	1.68567139289071e-18	7.22505432434841e-16	0.896173841940338	0.103826158059655	0.103826158059656
rs10922502	KYAT3	ENSG00000137944.17_Whole_Blood	SBP	1.24877272213571e-20	1.54266402822145e-05	6.98725858956777e-16	0.863029920386757	0.136954652972958	0.136956765755718
rs10922502	RBMXL1	ENSG00000213516.9_Skin_Sun_Exposed_Lower_leg	SBP	6.28990722547177e-16	0.776772488586981	8.20351755903176e-17	0.101187351554072	0.122040159858947	0.54670752312938
rs11191548	ARL3	ENSG00000138175.8_Adipose_Subcutaneous	SBP	5.68318179224003e-83	0.587015290891792	4.42725913840285e-84	0.0453614930781456	0.367623216030075	0.890161809680322
rs11191548	ARL3	ENSG00000138175.8_Artery_Tibial	SBP	6.32691075731011e-83	0.644628433101189	3.32562978596941e-84	0.0335619545220721	0.321809612376731	0.905558132253081
rs11191548	ARL3	ENSG00000138175.8_Lung	SBP	1.16420998518961e-83	0.125133085379939	8.52487800368442e-84	0.0908441457453176	0.78402276887475	0.896162325689538
rs11191548	ARL3	ENSG00000138175.8_Muscle_Skeletal	SBP	3.75118072828923e-85	0.00377043066306964	7.95965178230096e-84	0.0790878415592609	0.917141727777677	0.920612834638205
rs11191548	AS3MT	ENSG00000214435.7_Skin_Not_Sun_Exposed_Suprapubic	SBP	3.16497833496401e-83	0.317331379394134	1.37688005883051e-83	0.137505465344194	0.545163155261672	0.798576555017047
rs11191548	AS3MT	ENSG00000214435.7_Skin_Sun_Exposed_Lower_leg	SBP	6.72279656797051e-85	0.00704078018667769	6.89164319319058e-83	0.721489844650655	0.271469375162674	0.273394284222175
rs11191548	AS3MT	ENSG00000214435.7_Thyroid	SBP	2.3869139387091e-89	2.46439747422393e-07	9.51745518530269e-83	0.982623520001844	0.017376233558415	0.0173762378406106
rs11191548	CALHM2	ENSG00000138172.10_Adipose_Subcutaneous	SBP	1.55481963315364e-83	0.160597167679236	6.72157780582343e-84	0.0686563648793172	0.77074646744145	0.918208085277128
rs11191548	CALHM2	ENSG00000138172.10_Artery_Aorta	SBP	4.26799055831829e-83	0.460364101128358	4.97717305084083e-84	0.0531995258239593	0.486436373047686	0.90141588812902
rs11191548	CNNM2	ENSG00000148842.17_Artery_Tibial	SBP	4.66558588078254e-83	0.475361425376979	4.08216226152675e-84	0.0411082980777965	0.483530276545233	0.921644537656549
rs11191548	ENSG00000213277	ENSG00000213277.3_Adipose_Subcutaneous	SBP	9.25943069271667e-87	9.56405689678826e-05	9.02002407464041e-84	0.0922600960904121	0.907644263340608	0.907731079257509
rs11191548	ENSG00000213277	ENSG00000213277.3_Adipose_Visceral_Omentum	SBP	2.82662867521619e-84	0.0296714142358463	1.02391077071857e-83	0.106617263752335	0.863711322011818	0.890122515901794
rs11191548	ENSG00000213277	ENSG00000213277.3_Artery_Aorta	SBP	1.02461105911566e-83	0.110519023599204	1.40652038543376e-83	0.150974925389672	0.738506051011136	0.830266268312363
rs11191548	ENSG00000213277	ENSG00000213277.3_Breast_Mammary_Tissue	SBP	1.79578236807007e-84	0.01855272436534	8.21025522876231e-84	0.0839248953785365	0.897522380256125	0.914488635852328
rs11191548	ENSG00000213277	ENSG00000213277.3_Colon_Transverse	SBP	6.69593936425556e-85	0.00684475676905586	6.9435315516619e-84	0.0700554171585632	0.923099826072385	0.929461765785319
rs11191548	ENSG00000213277	ENSG00000213277.3_Esophagus_Mucosa	SBP	1.60868506269974e-86	0.00017240259421169	5.43280689454988e-84	0.0572807825482998	0.942546814857491	0.94270934039336
rs11191548	ENSG00000213277	ENSG00000213277.3_Esophagus_Muscularis	SBP	1.76851723756389e-87	1.83574937353205e-05	4.71869878239305e-84	0.0480289005382444	0.951952741968028	0.951970217755329
rs11191548	ENSG00000213277	ENSG00000213277.3_Lung	SBP	4.3519441127033e-90	4.67761143738111e-08	4.50632335911957e-84	0.0474829158157525	0.952517037408143	0.952517081963182
rs11191548	ENSG00000213277	ENSG00000213277.3_Nerve_Tibial	SBP	1.05892847233952e-85	0.0010710914164559	7.99271773292928e-84	0.0799262251248102	0.919002683458748	0.919988074788883
rs11191548	ENSG00000213277	ENSG00000213277.3_Skin_Not_Sun_Exposed_Suprapubic	SBP	3.58949395746642e-84	0.0359894744386198	7.07475940774544e-84	0.070039948209394	0.893970577351975	0.927345245355482
rs11191548	ENSG00000213277	ENSG00000213277.3_Skin_Sun_Exposed_Lower_leg	SBP	3.66059527331536e-83	0.383373889291809	7.25955199523758e-84	0.0754880997257984	0.541138010982388	0.877578814106491
rs11191548	ENSG00000213277	ENSG00000213277.3_Stomach	SBP	3.50987694136135e-83	0.363848274762916	7.94549409935179e-84	0.0818119188541486	0.55433980638294	0.871395587548461
rs11191548	ENSG00000213277	ENSG00000213277.3_Thyroid	SBP	3.31248680305507e-87	3.42001610467108e-05	8.59179570560353e-84	0.0877948380868794	0.912170961752063	0.912202159212825
rs11191548	ENSG00000213277	ENSG00000213277.3_Whole_Blood	SBP	7.33776255437761e-83	0.760533192539688	2.04905563604508e-84	0.0210192910043011	0.218447516456006	0.912224615898864
rs11191548	MFSD13A	ENSG00000138111.14_Thyroid	SBP	1.7872551001054e-83	0.184527262716294	1.47821067532466e-83	0.151956089596311	0.663516647687384	0.813658896675724
rs11191548	NT5C2	ENSG00000076685.18_Artery_Tibial	SBP	8.57685513446578e-85	0.00873867974173413	1.10038025449589e-83	0.11123415089955	0.880027169358724	0.887785240252724
rs11191548	NT5C2	ENSG00000076685.18_Esophagus_Muscularis	SBP	8.41982363189974e-84	0.0873991252627071	6.39580640374002e-84	0.0655424420455242	0.847058432691761	0.928180605717267
rs11191548	NT5C2	ENSG00000076685.18_Whole_Blood	SBP	2.22114853544166e-85	0.00230214206884701	6.5153292597912e-84	0.0665979885369882	0.931099869394167	0.933248339657572
rs11191548	PDCD11	ENSG00000148843.13_Adipose_Subcutaneous	SBP	8.51423647547243e-85	0.00879434651940106	4.96828870497349e-84	0.0503765763130052	0.940829077167584	0.949176463899182
rs11191548	SFXN2	ENSG00000156398.12_Adipose_Visceral_Omentum	SBP	7.28094081246597e-83	0.764287905120165	2.2488058131789e-84	0.0233936292854679	0.212318465594375	0.90075337755836
rs11191548	SFXN2	ENSG00000156398.12_Colon_Transverse	SBP	5.67085226991145e-83	0.579688709070435	4.73267640639764e-84	0.0480062974792169	0.372304993450346	0.885783945101627
rs11191548	SFXN2	ENSG00000156398.12_Esophagus_Mucosa	SBP	2.84505314150915e-84	0.0304904019835397	2.59096714991756e-83	0.276981124698675	0.692528473317792	0.714308011735671
rs11191548	SFXN2	ENSG00000156398.12_Lung	SBP	1.32705606938648e-84	0.0142636313506158	5.91332391335954e-84	0.0626352324585108	0.923101136190874	0.936458434069617
rs11191548	SFXN2	ENSG00000156398.12_Skin_Sun_Exposed_Lower_leg	SBP	2.92121482457071e-83	0.305938626134505	5.73875216905975e-84	0.0594673176402736	0.634594056225224	0.914319799545857
rs11191548	WBP1L	ENSG00000166272.16_Artery_Tibial	SBP	8.9557331230201e-84	0.0912470624576869	1.06471136479798e-83	0.10767891647061	0.801074021071716	0.881509140689193
rs11191548	WBP1L	ENSG00000166272.16_Muscle_Skeletal	SBP	3.70265293389403e-83	0.372165383858371	8.5485874148365e-84	0.0853821095166258	0.542452506625011	0.864005412697149
rs11191548	WBP1L	ENSG00000166272.16_Thyroid	SBP	1.54213696636878e-87	1.59219751629669e-05	3.92784196983244e-83	0.404939636664089	0.595044441360762	0.595053915794422
rs1173727	NPR3	ENSG00000113389.15_Lung	SBP	4.29113075321016e-97	9.70475798580476e-09	2.49871551577274e-91	0.00465571385965326	0.995344276435585	0.995344286095164
rs1173727	NPR3	ENSG00000113389.15_Nerve_Tibial	SBP	1.30149031167333e-108	2.96683548413997e-20	1.75253669553029e-91	0.00299802434834107	0.997001975651652	0.997001975651659
rs13112725	NPNT	ENSG00000168743.12_Spleen	SBP	6.62359257895084e-26	0.00837970948176899	7.83808652519912e-27	0	0.991620290518231	1
rs13238550	LINC-PINT	ENSG00000231721.6_Heart_Atrial_Appendage	SBP	2.87052795215657e-11	0.917319419474644	5.58942189996721e-14	0.00170520658910901	0.0809753739074876	0.979375972219024
rs13238550	MKLN1-AS	ENSG00000236753.5_Adipose_Visceral_Omentum	SBP	6.59216792062315e-12	0.210803453809309	5.64921355916076e-13	0.0172930752115627	0.77190347097197	0.978087745954807
rs13238550	MKLN1-AS	ENSG00000236753.5_Artery_Aorta	SBP	7.44154399799896e-13	0.0236798513218772	5.95724809544344e-13	0.017998328738813	0.958321819937969	0.981565136432751
rs13238550	MKLN1-AS	ENSG00000236753.5_Esophagus_Gastroesophageal_Junction	SBP	1.32140124001649e-12	0.0425851163066055	5.53018802846221e-13	0.0168817371266583	0.940533146564862	0.98236737550855
rs13238550	MKLN1-AS	ENSG00000236753.5_Esophagus_Muscularis	SBP	2.86505410363275e-14	0.00092111560640447	6.44788902237687e-13	0.0197506509992664	0.979328233393657	0.98023113959488
rs13238550	MKLN1-AS	ENSG00000236753.5_Nerve_Tibial	SBP	1.17172177400865e-12	0.0371814362298201	5.93338480895996e-13	0.0178830639275813	0.944935499840834	0.981426340745251
rs13238550	MKLN1-AS	ENSG00000236753.5_Thyroid	SBP	9.29510166539153e-15	0.0002975988061531	5.29284918584932e-13	0.0159622347734989	0.983740166419813	0.984033013470363
rs13420463	CEBPZ	ENSG00000115816.14_Adipose_Subcutaneous	SBP	1.74317893857001e-12	0.303250024050864	2.00572119054733e-14	0.00279527400438684	0.693954701942986	0.995988124720656
rs13420463	CEBPZ	ENSG00000115816.14_Esophagus_Mucosa	SBP	1.85315313432527e-16	3.21486955490959e-05	4.5445209782437e-14	0.00689080576154263	0.993077045542861	0.993108972700918
rs13420463	CEBPZ	ENSG00000115816.14_Muscle_Skeletal	SBP	1.30996265212743e-18	2.32340269896836e-07	2.40750311644888e-14	0.00327331837179753	0.996726449287906	0.996726680867678
rs13420463	CEBPZ	ENSG00000115816.14_Nerve_Tibial	SBP	2.88752128152182e-13	0.0504923361211256	3.14144966001843e-14	0.00454830343059366	0.94495936044796	0.995209829679505
rs13420463	CEBPZ	ENSG00000115816.14_Thyroid	SBP	9.40702980047937e-14	0.016720770530993	3.36844031508131e-14	0.00500905193693078	0.978270177531949	0.994905768588607
rs13420463	EIF2AK2	ENSG00000055332.16_Whole_Blood	SBP	3.72998685801181e-12	0.650997694359584	6.82050184564982e-15	0.00084222775588761	0.34816007788079	0.997586755897354
rs13420463	NDUFAF7	ENSG00000003509.15_Thyroid	SBP	3.28538589719889e-12	0.583969487266044	3.18674441158524e-14	0.00525358506301363	0.410776927667626	0.987372115981274
rs13420463	PRKD3	ENSG00000115825.9_Artery_Aorta	SBP	5.70227348230761e-15	0.00103479827705941	7.69447858783449e-13	0.138772415335022	0.860192786387146	0.86108383445611
rs13420463	PRKD3	ENSG00000115825.9_Artery_Tibial	SBP	9.08129583953121e-13	0.157171585719115	5.85173466059152e-14	0.00929416593965574	0.833534248340261	0.988972647596846
rs13420463	PRKD3	ENSG00000115825.9_Lung	SBP	9.43453787156383e-13	0.167603737552972	3.6292751432901e-13	0.0637050633084264	0.768691199137297	0.923467864786839
rs13420463	PRKD3	ENSG00000115825.9_Nerve_Tibial	SBP	2.01069673766861e-13	0.035159836280932	2.13137682862305e-12	0.372108227604159	0.592731936112577	0.614331739496901
rs13420463	PRKD3	ENSG00000115825.9_Spleen	SBP	2.73637404962035e-14	0.00466010579075132	1.34416802593269e-13	0.0219180582314524	0.973421835977635	0.977979323084534
rs13420463	PRKD3	ENSG00000115825.9_Thyroid	SBP	1.00285997213514e-16	1.78255962024648e-05	1.75115420513203e-13	0.0301565216102969	0.969825652793329	0.969842940822138
rs13420463	QPCT	ENSG00000115828.15_Whole_Blood	SBP	1.98733108380414e-13	0.0346850539354241	2.41240603278185e-14	0.00324832560069617	0.962066620463658	0.996634957726554
rs1421811	NPR3	ENSG00000113389.15_Heart_Atrial_Appendage	SBP	1.30491675819381e-69	0.0514160740581778	1.02086731727177e-70	0.00307689434065734	0.945507031601159	0.996756328821825
rs1421811	NPR3	ENSG00000113389.15_Lung	SBP	4.20544354489882e-73	1.6384366893289e-05	1.12588445063844e-70	0.00338984102632755	0.996593774606792	0.996610103432363
rs1801131	CLCN6	ENSG00000011021.21_Adipose_Subcutaneous	SBP	6.00430003707278e-64	0.404266517991021	1.659339241926e-65	0.010587101731199	0.58514638027777	0.982228459452209
rs1801131	CLCN6	ENSG00000011021.21_Adipose_Visceral_Omentum	SBP	1.3193378154844e-63	0.915205836705605	4.2170267519723e-66	0.00284334052539997	0.0819508227689843	0.966467732979113
rs1801131	CLCN6	ENSG00000011021.21_Artery_Aorta	SBP	1.35789781982828e-63	0.91380418243973	9.39796711937718e-66	0.00624445798457051	0.0799513595756899	0.927554977012603
rs1801131	CLCN6	ENSG00000011021.21_Artery_Tibial	SBP	8.1417270684519e-65	0.0549767074072111	1.32665018200102e-63	0.895766314760094	0.0492569778326986	0.0521225013380948
rs1801131	CLCN6	ENSG00000011021.21_Esophagus_Gastroesophageal_Junction	SBP	1.31260834532266e-63	0.866386109950183	7.39435800582672e-66	0.00475177809658693	0.128862111953227	0.964436496124652
rs1801131	CLCN6	ENSG00000011021.21_Esophagus_Mucosa	SBP	1.11002058973018e-63	0.759989148557376	1.21084377355299e-64	0.0827446310067306	0.157266220435905	0.655246291951482
rs1801131	CLCN6	ENSG00000011021.21_Esophagus_Muscularis	SBP	5.01685408953947e-67	0.00032752588670579	1.5303641809246e-63	0.999099413493137	0.00057306062016957	0.000573248373851511
rs1801131	CLCN6	ENSG00000011021.21_Skin_Not_Sun_Exposed_Suprapubic	SBP	2.58689901278573e-68	1.86440880875912e-05	1.38748609434626e-63	0.999977685270611	3.67064130125257e-06	3.67070973828827e-06
rs1801131	CLCN6	ENSG00000011021.21_Skin_Sun_Exposed_Lower_leg	SBP	8.2026828630498e-68	5.6163781859444e-05	1.46038100033829e-63	0.999923069081272	2.07671368726445e-05	2.07683032991005e-05
rs1801131	CLCN6	ENSG00000011021.21_Thyroid	SBP	1.02850659370816e-63	0.709083768941833	4.46490661758555e-65	0.030522031812787	0.260394199245391	0.895083090751705
rs1801131	CLCN6	ENSG00000011021.21_Whole_Blood	SBP	8.02308010379244e-68	5.49206878608428e-05	1.4608871889957e-66	8.15290468187483e-08	0.999944997783092	0.999999918466475
rs1801131	ENSG00000242349	ENSG00000242349.5_Muscle_Skeletal	SBP	5.70384974092864e-67	0.00040039233136781	1.42395317970643e-63	0.999570364924804	2.92427438147564e-05	2.9254457075028e-05
rs1801131	MTHFR	ENSG00000177000.10_Adipose_Subcutaneous	SBP	9.79405859924891e-71	6.59429066247773e-08	1.48522942518112e-63	0.999997540081394	2.39397570912108e-06	2.39397586698678e-06
rs1801131	MTHFR	ENSG00000177000.10_Adipose_Visceral_Omentum	SBP	7.00155692853599e-64	0.485688024084265	4.9625694338942e-64	0.344076132118395	0.170235843797329	0.330997238581168
rs1801131	MTHFR	ENSG00000177000.10_Artery_Aorta	SBP	7.51833585362506e-65	0.050595020094354	1.40101721171461e-63	0.942815004580845	0.0065899753248026	0.00694116363857446
rs1801131	MTHFR	ENSG00000177000.10_Artery_Tibial	SBP	5.73847718888233e-68	3.87488525129504e-05	1.48085504916651e-63	0.999941811895011	1.94392524669464e-05	1.9440005744862e-05
rs1801131	MTHFR	ENSG00000177000.10_Breast_Mammary_Tissue	SBP	9.26496473420296e-64	0.74633104592185	2.21740378012285e-64	0.178545878723038	0.0751230753551223	0.296146115428755
rs1801131	MTHFR	ENSG00000177000.10_Colon_Transverse	SBP	9.41402777745871e-64	0.655539522029033	3.83660948083547e-64	0.267082354642809	0.0773781233281602	0.224635707945228
rs1801131	MTHFR	ENSG00000177000.10_Esophagus_Gastroesophageal_Junction	SBP	1.02695514566868e-63	0.677840939317281	2.01599693684769e-64	0.132876437247296	0.189282623435433	0.587544000886704
rs1801131	MTHFR	ENSG00000177000.10_Esophagus_Mucosa	SBP	7.78573408690188e-66	0.00533059789551922	1.45207177115815e-63	0.994178174661018	0.00049122744346832	0.000493860012612229
rs1801131	MTHFR	ENSG00000177000.10_Esophagus_Muscularis	SBP	1.05411830166229e-68	6.88182325582527e-06	1.5313839947251e-63	0.999765545574374	0.00022757260238287	0.000227574168508072
rs1801131	MTHFR	ENSG00000177000.10_Lung	SBP	9.76626397162787e-66	0.00685417776717637	1.4116573306052e-63	0.990729589210879	0.00241623302195428	0.00243290861005889
rs1801131	MTHFR	ENSG00000177000.10_Muscle_Skeletal	SBP	1.1496543532866e-65	0.00807021235984791	1.37895733675781e-63	0.967960757073604	0.0239690305665476	0.0241640394967582
rs1801131	MTHFR	ENSG00000177000.10_Skin_Not_Sun_Exposed_Suprapubic	SBP	2.07682501952109e-68	1.49679243043848e-05	1.38746943137416e-63	0.999965660367859	1.9371707831957e-05	1.93719977905536e-05
rs1801131	MTHFR	ENSG00000177000.10_Skin_Sun_Exposed_Lower_leg	SBP	8.98450433911711e-76	6.15169146780578e-13	1.46048994433912e-63	0.999997681503617	2.31849577535793e-06	2.31849577535934e-06
rs1801131	MTHFR	ENSG00000177000.10_Stomach	SBP	1.24545916088681e-63	0.777931448804204	1.87514661822116e-66	0.0009501247352939	0.221118426460504	0.995721480010665
rs1801131	MTHFR	ENSG00000177000.10_Thyroid	SBP	7.40124697434467e-65	0.0510264506960157	1.37099495175214e-63	0.945201901836494	0.00377164746748332	0.00397444951995725
rs1801131	MTHFR	ENSG00000177000.10_Whole_Blood	SBP	2.03148398505699e-68	1.39061926833907e-05	6.3593013671869e-65	0.0425741496109729	0.95741194419635	0.957425258336466
rs2521501	FES	ENSG00000182511.11_Adipose_Subcutaneous	SBP	8.29005097962152e-80	0.00040077115879874	1.40993554319317e-78	0.00582236338345113	0.993776865457757	0.99417530224568
rs2521501	FES	ENSG00000182511.11_Adipose_Visceral_Omentum	SBP	5.28701827689776e-84	2.55474698879436e-08	1.07033136134901e-78	0.00417613827783373	0.995823836174709	0.995823861615477
rs2521501	FES	ENSG00000182511.11_Artery_Aorta	SBP	2.79258851398929e-81	1.33943950886451e-05	7.71346139390636e-79	0.00270240692636295	0.997284198678542	0.997297556876046
rs2521501	FES	ENSG00000182511.11_Artery_Coronary	SBP	1.46048987489388e-77	0.071058089576025	2.09402021653208e-78	0.00926848869278881	0.919673421731176	0.990022531453491
rs2521501	FES	ENSG00000182511.11_Artery_Tibial	SBP	5.08681230290813e-80	0.00024175315674758	1.05056727536058e-78	0.00399710944776294	0.995761137395496	0.996001924004744
rs2521501	FES	ENSG00000182511.11_Breast_Mammary_Tissue	SBP	1.18350180793053e-76	0.56888614533829	8.33731387233969e-79	0.00358004972347589	0.427533804938245	0.991695813797761
rs2521501	FES	ENSG00000182511.11_Colon_Transverse	SBP	2.58850404660567e-79	0.00126194491859273	1.22177383830044e-78	0.00496260421535276	0.993775450866052	0.995031125338517
rs2521501	FES	ENSG00000182511.11_Esophagus_Mucosa	SBP	3.62442834487433e-77	0.176021078056101	7.92015803888658e-79	0.0030254869515338	0.820953434992368	0.99632819860926
rs2521501	FES	ENSG00000182511.11_Heart_Atrial_Appendage	SBP	4.19799097155708e-77	0.200073628274819	1.18320283666713e-78	0.00484398845134591	0.795082383273847	0.993944457111848
rs2521501	FES	ENSG00000182511.11_Lung	SBP	2.22751186039739e-85	1.05845138008779e-09	2.30151598240732e-78	0.00994610681338008	0.990053892128182	0.990053893176093
rs2521501	FES	ENSG00000182511.11_Nerve_Tibial	SBP	2.4236756148323e-82	1.16114832108154e-06	1.35753061127386e-78	0.00550924539670164	0.994489593454978	0.99449074820624
rs2521501	FES	ENSG00000182511.11_Pancreas	SBP	2.76342339289665e-86	1.33662054843129e-10	6.74591662015182e-79	0.00226514943855829	0.99773485042778	0.997734850561139
rs2521501	FES	ENSG00000182511.11_Pituitary	SBP	1.56711805646912e-76	0.736368912003894	7.10321856232244e-79	0.00307715844180869	0.260553929554292	0.988327786130238
rs2521501	FES	ENSG00000182511.11_Skin_Not_Sun_Exposed_Suprapubic	SBP	1.02869017388332e-79	0.00049699534002137	1.84365836293975e-78	0.00791575568318567	0.991587248976786	0.992080308266929
rs2521501	FES	ENSG00000182511.11_Skin_Sun_Exposed_Lower_leg	SBP	8.77382251587723e-83	4.18882661129977e-07	1.68948771837644e-78	0.00707308019272859	0.992926500924606	0.99292691684448
rs2521501	FES	ENSG00000182511.11_Spleen	SBP	1.11791937318447e-76	0.556314440781121	9.12205189788371e-79	0.00409985544204736	0.439585703776818	0.990759547258501
rs2521501	FES	ENSG00000182511.11_Stomach	SBP	1.34067138583759e-77	0.0654131452202012	1.38980789081025e-78	0.00585232355281287	0.928734531226981	0.993738063484542
rs2521501	FES	ENSG00000182511.11_Thyroid	SBP	6.54079849181304e-100	3.14610144090309e-24	1.16393181707091e-78	0.00460307483846661	0.995396925161538	0.995396925161533
rs2521501	FES	ENSG00000182511.11_Whole_Blood	SBP	8.5552170927112e-82	4.10045713915523e-06	9.86478354335585e-79	0.00373185935729511	0.996264040185554	0.996268125340313
rs2521501	FURIN	ENSG00000140564.11_Artery_Aorta	SBP	1.43482791189012e-78	0.00688202069148292	1.66480554041324e-78	0.00699896831653724	0.986119010991979	0.992952530854984
rs2521501	FURIN	ENSG00000140564.11_Esophagus_Mucosa	SBP	1.06899997258968e-85	5.19161946968225e-10	1.73546839805348e-78	0.00743577230732217	0.992564227173513	0.992564227688817
rs2521501	FURIN	ENSG00000140564.11_Esophagus_Muscularis	SBP	4.215639164963e-77	0.202899568343084	1.23291287881752e-78	0.00514207634566131	0.791958355311268	0.993549023257995
rs2521501	MAN2A2	ENSG00000196547.14_Artery_Aorta	SBP	3.92764418607877e-77	0.188385856822157	1.35102734311773e-78	0.00567413893278026	0.805940004245066	0.993008822011697
rs35199222	ABHD17C	ENSG00000136379.11_Artery_Aorta	SBP	1.28317382575036e-21	0.575357512569236	1.23674980005203e-22	0.05508460384796	0.369557883582803	0.870280046207243
rs35199222	ABHD17C	ENSG00000136379.11_Heart_Atrial_Appendage	SBP	1.99659776311812e-22	0.0890791106640216	5.30301546085927e-23	0.0227714935135821	0.888149395822394	0.975001678213592
rs35199222	ABHD17C	ENSG00000136379.11_Heart_Left_Ventricle	SBP	4.80415532522744e-22	0.215287525906313	3.72440663401914e-23	0.0159213080382012	0.768791166055485	0.979710647448813
rs35199222	ABHD17C	ENSG00000136379.11_Muscle_Skeletal	SBP	1.00909675759914e-21	0.452670417095772	9.98638390039279e-23	0.0442948553799082	0.503034727524318	0.919070964253619
rs35199222	ABHD17C	ENSG00000136379.11_Pancreas	SBP	1.62703636111779e-21	0.737301425286379	3.20699429825284e-23	0.0142842754641352	0.248414299249483	0.945624845967637
rs35199222	ABHD17C	ENSG00000136379.11_Thyroid	SBP	2.72489279063606e-23	0.0121988016768888	1.89425907585278e-22	0.0838982987517481	0.903902899571362	0.915065603388441
rs3820068	AGMAT	ENSG00000116771.5_Esophagus_Mucosa	SBP	6.45074810952158e-10	0.326180850671647	1.72890056172531e-11	0.00807641005321394	0.665742738612775	0.988013979612774
rs3820068	CASP9	ENSG00000132906.17_Adipose_Visceral_Omentum	SBP	3.5322819224387e-13	0.00017636225337999	1.25483757665163e-11	0.00527068826013466	0.994552949473585	0.994728382025372
rs3820068	CASP9	ENSG00000132906.17_Artery_Tibial	SBP	1.99801778921519e-13	9.94721581471923e-05	1.55088870732106e-11	0.00672799229072624	0.99317253553542	0.993271338394677
rs3820068	CASP9	ENSG00000132906.17_Breast_Mammary_Tissue	SBP	5.08447842782654e-10	0.257698169489344	1.25103535940956e-11	0.0056039627661642	0.736697867223535	0.992450560486639
rs3820068	CASP9	ENSG00000132906.17_Colon_Transverse	SBP	1.38856823442969e-10	0.0698619409209757	1.89983831577731e-11	0.00863700596782359	0.921501052953345	0.990714275278832
rs3820068	CASP9	ENSG00000132906.17_Esophagus_Muscularis	SBP	4.01101789489894e-14	2.03202328465099e-05	1.24960297456519e-11	0.00533597462523231	0.994643705129385	0.994663916944251
rs3820068	CASP9	ENSG00000132906.17_Heart_Atrial_Appendage	SBP	7.1725050231335e-13	0.00035679762024328	1.26957009487229e-11	0.00532117844797366	0.994322023918369	0.994676922290496
rs3820068	CASP9	ENSG00000132906.17_Heart_Left_Ventricle	SBP	1.22786779439241e-09	0.628154598182508	9.08008874306504e-12	0.00427763876767669	0.367567761812866	0.988496190188185
rs3820068	CASP9	ENSG00000132906.17_Lung	SBP	1.80430720611496e-10	0.0891697939305358	1.40336123938025e-11	0.00603068419758812	0.904799521677411	0.993378915017652
rs3820068	CASP9	ENSG00000132906.17_Nerve_Tibial	SBP	5.26880865336247e-14	2.68005797499854e-05	1.13378137770924e-11	0.00477194654685037	0.99520125286201	0.995227925558734
rs3820068	CASP9	ENSG00000132906.17_Thyroid	SBP	1.31098570614238e-17	6.53757994450145e-09	1.46277867641882e-11	0.00630083692682009	0.993699156520972	0.993699163031896
rs3820068	DDI2	ENSG00000197312.11_Artery_Tibial	SBP	1.38766917698548e-11	0.00690856951195129	1.27591752078777e-11	0.00536448223106964	0.987726948230343	0.994598199051444
rs3820068	DDI2	ENSG00000197312.11_Thyroid	SBP	3.11057785546497e-10	0.155117262594238	2.19628443448909e-11	0.0101175930732282	0.834765143999511	0.988024855249993
rs3820068	DDI2	ENSG00000197312.11_Whole_Blood	SBP	6.17501589370108e-10	0.30781256428844	2.10138465408594e-11	0.0097926000486387	0.682394835024406	0.985852675803621
rs3820068	EFHD2	ENSG00000142634.12_Lung	SBP	5.73164046341052e-11	0.0283260631711778	1.79702560407811e-11	0.00791723663962733	0.963756700113908	0.991851961506676
rs3820068	ENSG00000237301	ENSG00000237301.1_Colon_Transverse	SBP	1.6487972297902e-09	0.829546375915627	8.78304018348586e-12	0.00425274101276854	0.166200881414023	0.975050450954217
rs3820068	ENSG00000237938	ENSG00000237938.5_Adipose_Subcutaneous	SBP	1.56269396723928e-09	0.777254275652387	6.06414018056083e-12	0.00279623857456399	0.219949484204293	0.987446499355051
rs3820068	ENSG00000237938	ENSG00000237938.5_Artery_Tibial	SBP	1.84135871036359e-09	0.916728198475866	2.21233141992994e-12	0.00101916589243887	0.0822526337881249	0.987760971945503
rs3820068	PLEKHM2	ENSG00000116786.11_Esophagus_Mucosa	SBP	7.55220711959673e-12	0.00381875915923995	3.67628620428725e-11	0.0176105004971418	0.978570740299305	0.982321991444988
rs3820068	PLEKHM2	ENSG00000116786.11_Muscle_Skeletal	SBP	4.71945248799063e-12	0.00234210773751256	1.9478813944644e-11	0.00867770911471532	0.988980183123573	0.991301919042362
rs3820068	PLEKHM2	ENSG00000116786.11_Whole_Blood	SBP	5.69083096244123e-10	0.283676884664855	2.15038520055493e-11	0.0100129429310964	0.706310171813461	0.986021750904036
rs3820068	SLC25A34	ENSG00000162461.7_Breast_Mammary_Tissue	SBP	1.64276597396281e-10	0.0832608084386269	1.5787000540756e-11	0.00709172612463811	0.909647465256672	0.99226418354172
rs3820068	SLC25A34	ENSG00000162461.7_Esophagus_Mucosa	SBP	3.32642372855547e-10	0.168199982862925	2.28072165007577e-11	0.0107113369448577	0.821088679836767	0.987122701696615
rs3820068	SLC25A34	ENSG00000162461.7_Nerve_Tibial	SBP	2.95187442030617e-10	0.150151487780581	8.78681940027374e-11	0.0438895062464018	0.805959005589963	0.948356082719302
rs3820068	SLC25A34	ENSG00000162461.7_Thyroid	SBP	2.53576228141682e-10	0.126452550606325	2.53096454220424e-11	0.011759541947028	0.86178790716776	0.986538176078535
rs55780018	IDH1-AS1	ENSG00000231908.1_Colon_Transverse	SBP	1.97727101704647e-14	0.496385148091436	1.83487448986734e-16	0.00410686330561903	0.499507988602927	0.991845229960842
rs55780018	LINC01857	ENSG00000224137.1_Spleen	SBP	1.54732484355781e-16	0.00387752773585332	2.62578158012458e-16	0.00558955978597232	0.990532912478174	0.994388682173521
rs55780018	LINC01857	ENSG00000224137.1_Whole_Blood	SBP	5.87586312942871e-18	0.00014915890399911	2.80116658580034e-16	0.00611703321738306	0.993733807878618	0.993882054236532
rs55892892	CLCN6	ENSG00000011021.21_Adipose_Subcutaneous	SBP	2.15385180971141e-104	0.0227375517492347	2.6711126428941e-104	0.0272481010811969	0.950014347169565	0.972117928883925
rs55892892	CLCN6	ENSG00000011021.21_Esophagus_Muscularis	SBP	1.77461057022404e-106	0.00018812537311227	5.50336660599544e-103	0.58299168277668	0.41682019185021	0.416898621058846
rs55892892	CLCN6	ENSG00000011021.21_Thyroid	SBP	4.07186788701329e-103	0.418261946358936	3.86446972183178e-104	0.0391532174921555	0.542584836148922	0.932696138327041
rs55892892	CLCN6	ENSG00000011021.21_Whole_Blood	SBP	3.82457010500547e-107	4.07926440070063e-05	3.39094347688818e-104	0.0352028510617378	0.96475635629425	0.964795712862309
rs55892892	ENSG00000242349	ENSG00000242349.5_Adipose_Visceral_Omentum	SBP	4.58805162699316e-103	0.476102545624605	3.28609726675358e-104	0.033609574132355	0.490287880243044	0.935847036759465
rs55892892	ENSG00000242349	ENSG00000242349.5_Colon_Transverse	SBP	8.38757735928225e-103	0.896590125440356	7.76856792732538e-105	0.00820901022558734	0.0952008643340443	0.920616766430235
rs55892892	ENSG00000242349	ENSG00000242349.5_Lung	SBP	1.61793114272518e-103	0.174925657669198	7.43488204962641e-103	0.803814947152638	0.0212593951781542	0.0257666419708284
rs55892892	ENSG00000242349	ENSG00000242349.5_Thyroid	SBP	4.68874913166557e-103	0.4816279388764	1.30444992471178e-103	0.13360822896061	0.384763832162984	0.742254185784997
rs55892892	ENSG00000242349	ENSG00000242349.5_Whole_Blood	SBP	7.91410061040309e-107	8.44113403525501e-05	9.37468316894193e-103	0.999898278942247	1.730971741466e-05	1.73111786744547e-05
rs55892892	MTHFR	ENSG00000177000.10_Artery_Tibial	SBP	3.60392454289106e-107	3.87473038769004e-05	9.30024147558013e-103	0.99990790336322	5.33493329149078e-05	5.33514001378206e-05
rs55892892	MTHFR	ENSG00000177000.10_Esophagus_Muscularis	SBP	6.49228454442609e-108	6.8824308429372e-06	9.4320366988845e-103	0.999884290013979	0.00010882755517288	0.000108828304176158
rs55892892	MTHFR	ENSG00000177000.10_Muscle_Skeletal	SBP	1.92975759678752e-105	0.0020353739756124	2.52290849626561e-103	0.265366226898867	0.73259839912552	0.734092552001555
rs55892892	MTHFR	ENSG00000177000.10_Skin_Not_Sun_Exposed_Suprapubic	SBP	1.38745809875776e-107	1.47706435016102e-05	9.31721263912151e-103	0.991886549846275	0.00809867951021063	0.00809879913468554
rs55892892	MTHFR	ENSG00000177000.10_Skin_Sun_Exposed_Lower_leg	SBP	5.66612661169149e-115	6.15168907684806e-13	9.21068385106457e-103	0.999999949120423	5.08789824279641e-08	5.08789824279943e-08
rs55892892	MTHFR	ENSG00000177000.10_Whole_Blood	SBP	3.21661917935867e-108	3.43082745216144e-06	3.51331607911729e-104	0.0365093393008674	0.96348722987169	0.96349053544146
rs55892892	NPPA	ENSG00000175206.10_Heart_Atrial_Appendage	SBP	1.92292987278126e-104	0.020540856495044	1.35759937114568e-104	0.0135360378109206	0.965923105694032	0.986180089388433
rs56153133	CLCN6	ENSG00000011021.21_Adipose_Subcutaneous	SBP	2.15678855750486e-104	0.0227685460578	2.54561220764211e-104	0.025921926884233	0.951309527057954	0.973474117334575
rs56153133	CLCN6	ENSG00000011021.21_Adipose_Visceral_Omentum	SBP	1.71806237455185e-103	0.178283429340033	1.59948875425805e-104	0.0157919792171615	0.805924591442809	0.980781719900722
rs56153133	CLCN6	ENSG00000011021.21_Artery_Aorta	SBP	3.09880772447129e-103	0.340454949728703	1.12857191196205e-104	0.0117514233531487	0.647793626918154	0.982182531203418
rs56153133	CLCN6	ENSG00000011021.21_Artery_Tibial	SBP	1.67649092067079e-109	1.80246504442109e-07	1.67947759717479e-104	0.0170738354599295	0.982925984293577	0.982926161462571
rs56153133	CLCN6	ENSG00000011021.21_Colon_Transverse	SBP	8.15239886014639e-103	0.871450409288553	2.4102778899779e-105	0.00245036653731905	0.126099224174139	0.980938355977973
rs56153133	CLCN6	ENSG00000011021.21_Esophagus_Gastroesophageal_Junction	SBP	1.80806500550363e-103	0.187128714719147	1.27014683803451e-104	0.0123450711278952	0.800526214152965	0.9848130062515
rs56153133	CLCN6	ENSG00000011021.21_Esophagus_Mucosa	SBP	5.17887801464563e-107	5.49795264217466e-05	2.44207245726045e-104	0.0249503093427735	0.974994711130814	0.975048318825612
rs56153133	CLCN6	ENSG00000011021.21_Esophagus_Muscularis	SBP	4.18027272058162e-106	0.00044314797847272	1.76183709570621e-104	0.0176952582868984	0.981861593734629	0.982296896618625
rs56153133	CLCN6	ENSG00000011021.21_Nerve_Tibial	SBP	4.82860117560748e-103	0.525186982069012	8.00603416165481e-105	0.00824126052524662	0.466571757405734	0.982643145377188
rs56153133	CLCN6	ENSG00000011021.21_Skin_Not_Sun_Exposed_Suprapubic	SBP	4.88746605501209e-108	5.20311159084624e-06	1.49131477052364e-104	0.0148911747617494	0.985103622126653	0.985108747757403
rs56153133	CLCN6	ENSG00000011021.21_Skin_Sun_Exposed_Lower_leg	SBP	8.32943101306573e-111	9.04322391409284e-09	1.2123126256838e-104	0.0121741951282212	0.987825795828548	0.987825804761685
rs56153133	CLCN6	ENSG00000011021.21_Thyroid	SBP	4.19557654548187e-103	0.430969134873354	1.02421219010815e-104	0.00996162646818018	0.559069238658461	0.982493697479902
rs56153133	CLCN6	ENSG00000011021.21_Whole_Blood	SBP	3.88133405932046e-107	4.13980705356634e-05	2.04974836456004e-104	0.0208834148948602	0.979075187034606	0.979115720536265
rs56153133	ENSG00000242349	ENSG00000242349.5_Adipose_Subcutaneous	SBP	1.34462680411618e-105	0.00141948070030053	2.72085847690382e-104	0.027752428685103	0.970828090614593	0.972208121279428
rs56153133	ENSG00000242349	ENSG00000242349.5_Artery_Tibial	SBP	1.14796393159605e-104	0.0123422371898691	1.37593608825406e-104	0.0138194222244232	0.973838340585705	0.986007883758131
rs56153133	ENSG00000242349	ENSG00000242349.5_Esophagus_Muscularis	SBP	1.29046969391811e-105	0.00136801848674735	1.13266450406662e-104	0.0110196900741132	0.987612291439132	0.988965214134826
rs56153133	ENSG00000242349	ENSG00000242349.5_Skin_Sun_Exposed_Lower_leg	SBP	8.70129719485273e-104	0.0944695727147385	1.22685239882733e-104	0.012426774902027	0.893103652383229	0.986276800284578
rs56153133	ENSG00000242349	ENSG00000242349.5_Thyroid	SBP	5.11255252047747e-103	0.525160800395241	5.4242790019198e-104	0.0552985902226358	0.419540609382127	0.883542491292496
rs56153133	MTHFR	ENSG00000177000.10_Adipose_Subcutaneous	SBP	2.83048176267545e-104	0.0298805157116536	3.99673332969324e-104	0.0412634147403172	0.928856069548034	0.957465636544155
rs56153133	MTHFR	ENSG00000177000.10_Artery_Tibial	SBP	3.84277434574451e-103	0.413152636044769	1.72681848159513e-104	0.0179968924905672	0.568850471464655	0.969332924375306
rs56153133	MTHFR	ENSG00000177000.10_Esophagus_Muscularis	SBP	5.48719756702175e-104	0.058169422710962	2.16524603305596e-104	0.0220338349123375	0.919796742376695	0.976605309443489
rs56153133	MTHFR	ENSG00000177000.10_Muscle_Skeletal	SBP	2.55362777712916e-105	0.00269338785561563	2.73400740775552e-104	0.0278669570004808	0.969439655143908	0.972057783773676
rs56153133	MTHFR	ENSG00000177000.10_Skin_Not_Sun_Exposed_Suprapubic	SBP	1.66334216785417e-105	0.00177076522183313	2.65806329020238e-104	0.0273263778992128	0.970902856878968	0.972625147664319
rs56153133	MTHFR	ENSG00000177000.10_Skin_Sun_Exposed_Lower_leg	SBP	1.02797862825448e-107	1.11607154193665e-05	7.1694690376578e-104	0.0769155134287384	0.923073325855848	0.923083628129524
rs56153133	MTHFR	ENSG00000177000.10_Whole_Blood	SBP	3.26125540297103e-108	3.47843496961572e-06	2.26103678250119e-104	0.0231392220626797	0.976857299502345	0.976860697448761
rs56153133	NPPA	ENSG00000175206.10_Heart_Atrial_Appendage	SBP	1.92559915189324e-104	0.0205693625731838	1.22956910793863e-104	0.0121670654315824	0.967263571995224	0.987577409806632
rs6482423	CACNB2	ENSG00000165995.18_Thyroid	SBP	2.52082897170221e-53	0.38988662758785	5.70924937977906e-55	0.00822838478365643	0.601884987628494	0.986513351197131
rs6595838	FBN2	ENSG00000138829.11_Adrenal_Gland	SBP	2.99946348731368e-28	4.75202722677052e-12	1.95226760862271e-18	0.0299595870666377	0.970040412928612	0.97004041293322
rs6595838	FBN2	ENSG00000138829.11_Colon_Sigmoid	SBP	2.44451197636073e-20	0.00038419141993077	3.06809711898742e-19	0.00382618138390168	0.995789627196168	0.996172348065066
rs6595838	FBN2	ENSG00000138829.11_Colon_Transverse	SBP	5.78825643675284e-18	0.0916311444245	6.23338295173728e-19	0.00896837264953519	0.899400482925966	0.990126948326676
rs6595838	FBN2	ENSG00000138829.11_Esophagus_Muscularis	SBP	1.70566187776498e-18	0.027018725906568	1.33678318508183e-18	0.0202227035448167	0.952758570548613	0.979215732015337
rs6595838	FBN2	ENSG00000138829.11_Heart_Atrial_Appendage	SBP	1.17555877201933e-24	1.84628306562041e-08	1.79631687733806e-18	0.0272394353052816	0.972760546231889	0.972760564191801
rs6595838	FBN2	ENSG00000138829.11_Heart_Left_Ventricle	SBP	1.30764664633196e-21	2.050709674951e-05	2.92341067649744e-19	0.00358823148430899	0.996391261418942	0.996411694929972
rs6595838	FBN2	ENSG00000138829.11_Thyroid	SBP	8.18596993703504e-18	0.129043363810069	1.96654303698818e-18	0.0301597235537434	0.840796912636187	0.965371727706583
rs6595838	ISOC1	ENSG00000066583.11_Heart_Atrial_Appendage	SBP	5.00744717533399e-18	0.0786448550413767	1.07997635551522e-18	0.016056354713757	0.905298790244863	0.9825731100525
rs6595838	SLC27A6	ENSG00000113396.12_Heart_Atrial_Appendage	SBP	1.20448384044961e-18	0.018917115591044	1.30983024271059e-18	0.0196101690733599	0.961472715335597	0.980011710136831
rs6595838	SLC27A6	ENSG00000113396.12_Thyroid	SBP	4.33312953041424e-18	0.068307312967231	3.78581934720145e-19	0.00504130191911091	0.926651385113659	0.99458909360428
